{
 "cells": [
  {
   "cell_type": "code",
   "execution_count": 2,
   "id": "83bc840044171682",
   "metadata": {
    "ExecuteTime": {
     "end_time": "2024-06-21T20:42:32.949837Z",
     "start_time": "2024-06-21T20:42:32.824435Z"
    },
    "collapsed": false
   },
   "outputs": [],
   "source": [
    "import pandas as pd\n",
    "import numpy as np\n",
    "import networkx as nx\n",
    "from matplotlib import pyplot as plt\n",
    "from sklearn.pipeline import Pipeline\n",
    "from sklearn.decomposition import PCA\n",
    "from sklearn.preprocessing import StandardScaler\n",
    "from sklearn.metrics.pairwise import cosine_similarity\n"
   ]
  },
  {
   "cell_type": "code",
   "execution_count": 3,
   "id": "2df83f2b0dacdb9c",
   "metadata": {
    "ExecuteTime": {
     "end_time": "2024-06-21T20:42:38.568292Z",
     "start_time": "2024-06-21T20:42:38.485294Z"
    },
    "collapsed": false
   },
   "outputs": [
    {
     "data": {
      "text/plain": [
       "array([[1.        , 0.8808833 , 0.89209331, 0.87631979, 0.77171384,\n",
       "        0.96221322, 0.84466929, 0.77226948, 0.81475675, 0.75647999,\n",
       "        0.69635405, 0.83453148, 0.8002253 , 0.68801885, 0.92470501,\n",
       "        0.92553476, 0.89749232, 0.85950568, 0.90856643, 0.74506378,\n",
       "        0.77746127, 0.75892026, 0.85533618, 0.96098757, 0.88963592,\n",
       "        0.97411588, 0.74479355],\n",
       "       [0.8808833 , 1.        , 0.80623261, 0.98462519, 0.97653739,\n",
       "        0.7911017 , 0.66902543, 0.71602269, 0.98502332, 0.94889831,\n",
       "        0.94478347, 0.76539138, 0.97972669, 0.94273574, 0.97620001,\n",
       "        0.92784404, 0.99596934, 0.84956201, 0.70639911, 0.65160444,\n",
       "        0.96679902, 0.7247365 , 0.97731485, 0.86449422, 0.98258598,\n",
       "        0.84188052, 0.95436849],\n",
       "       [0.89209331, 0.80623261, 1.        , 0.84026423, 0.74970344,\n",
       "        0.96090635, 0.94912528, 0.97026113, 0.78200402, 0.78960226,\n",
       "        0.63987606, 0.96077842, 0.7206548 , 0.60410698, 0.89680995,\n",
       "        0.88035166, 0.83737091, 0.96263266, 0.84844515, 0.93403939,\n",
       "        0.69129484, 0.74137386, 0.75731003, 0.9723697 , 0.84557076,\n",
       "        0.96011222, 0.71991395],\n",
       "       [0.87631979, 0.98462519, 0.84026423, 1.        , 0.97255248,\n",
       "        0.80524014, 0.71859033, 0.77833625, 0.98903   , 0.97500201,\n",
       "        0.93486271, 0.76660176, 0.97537312, 0.92664137, 0.98135709,\n",
       "        0.91134577, 0.97640767, 0.87400851, 0.66676553, 0.66252854,\n",
       "        0.96846467, 0.6395846 , 0.97508845, 0.89326372, 0.99838854,\n",
       "        0.86350328, 0.95746004],\n",
       "       [0.77171384, 0.97653739, 0.74970344, 0.97255248, 1.        ,\n",
       "        0.68281691, 0.58114426, 0.69388107, 0.99474952, 0.98375245,\n",
       "        0.97627404, 0.70112655, 0.98898143, 0.9773605 , 0.94414157,\n",
       "        0.87657651, 0.96447226, 0.81854922, 0.56366735, 0.59763864,\n",
       "        0.98196157, 0.63208511, 0.96307721, 0.79188187, 0.96433227,\n",
       "        0.74998498, 0.98939668],\n",
       "       [0.96221322, 0.7911017 , 0.96090635, 0.80524014, 0.68281691,\n",
       "        1.        , 0.94157377, 0.87723097, 0.72774851, 0.69703344,\n",
       "        0.57601016, 0.92110658, 0.68423899, 0.55110459, 0.87425396,\n",
       "        0.8877356 , 0.82237088, 0.89773912, 0.93483919, 0.86831211,\n",
       "        0.65304673, 0.77256459, 0.74309305, 0.97520155, 0.81741139,\n",
       "        0.99018752, 0.6475606 ],\n",
       "       [0.84466929, 0.66902543, 0.94912528, 0.71859033, 0.58114426,\n",
       "        0.94157377, 1.        , 0.92922403, 0.63275419, 0.63973657,\n",
       "        0.49119355, 0.9231634 , 0.55597633, 0.43126735, 0.77163043,\n",
       "        0.73293124, 0.70365013, 0.88800875, 0.85083524, 0.89623531,\n",
       "        0.52850207, 0.67953552, 0.62553103, 0.91638549, 0.73269587,\n",
       "        0.92152232, 0.52778506],\n",
       "       [0.77226948, 0.71602269, 0.97026113, 0.77833625, 0.69388107,\n",
       "        0.87723097, 0.92922403, 1.        , 0.72611776, 0.76816865,\n",
       "        0.59126579, 0.92228355, 0.64689722, 0.53664879, 0.82484697,\n",
       "        0.76868305, 0.74849655, 0.94882165, 0.72447654, 0.93407789,\n",
       "        0.62365456, 0.620413  , 0.6788924 , 0.91019707, 0.78217086,\n",
       "        0.87545409, 0.67000692],\n",
       "       [0.81475675, 0.98502332, 0.78200402, 0.98903   , 0.99474952,\n",
       "        0.72774851, 0.63275419, 0.72611776, 1.        , 0.98603197,\n",
       "        0.97224138, 0.72078214, 0.99159529, 0.96646194, 0.96365964,\n",
       "        0.88470034, 0.97458209, 0.84595797, 0.60178317, 0.62018518,\n",
       "        0.98624592, 0.62900393, 0.97933431, 0.83294609, 0.98479106,\n",
       "        0.79159542, 0.98339216],\n",
       "       [0.75647999, 0.94889831, 0.78960226, 0.97500201, 0.98375245,\n",
       "        0.69703344, 0.63973657, 0.76816865, 0.98603197, 1.        ,\n",
       "        0.95303651, 0.7183235 , 0.96621839, 0.94234943, 0.93887593,\n",
       "        0.84849497, 0.93607309, 0.84735595, 0.5286124 , 0.63098857,\n",
       "        0.96348286, 0.55973097, 0.94167247, 0.8155416 , 0.96651401,\n",
       "        0.76575293, 0.97615889],\n",
       "       [0.69635405, 0.94478347, 0.63987606, 0.93486271, 0.97627404,\n",
       "        0.57601016, 0.49119355, 0.59126579, 0.97224138, 0.95303651,\n",
       "        1.        , 0.60187832, 0.97133326, 0.98882643, 0.88455194,\n",
       "        0.77182341, 0.9266645 , 0.74733726, 0.47884347, 0.49222004,\n",
       "        0.97272206, 0.57006383, 0.95143573, 0.69807597, 0.92978253,\n",
       "        0.64650722, 0.95882107],\n",
       "       [0.83453148, 0.76539138, 0.96077842, 0.76660176, 0.70112655,\n",
       "        0.92110658, 0.9231634 , 0.92228355, 0.72078214, 0.7183235 ,\n",
       "        0.60187832, 1.        , 0.64704743, 0.55341504, 0.83094324,\n",
       "        0.83055364, 0.80813592, 0.92610045, 0.88387496, 0.96951835,\n",
       "        0.60584969, 0.86574106, 0.67761536, 0.89741988, 0.76858577,\n",
       "        0.89631914, 0.64117377],\n",
       "       [0.8002253 , 0.97972669, 0.7206548 , 0.97537312, 0.98898143,\n",
       "        0.68423899, 0.55597633, 0.64689722, 0.99159529, 0.96621839,\n",
       "        0.97133326, 0.64704743, 1.        , 0.9808024 , 0.94678009,\n",
       "        0.87936246, 0.96281837, 0.78928048, 0.56449497, 0.53548288,\n",
       "        0.99775305, 0.59071824, 0.984395  , 0.79565446, 0.97128186,\n",
       "        0.75723818, 0.98775252],\n",
       "       [0.68801885, 0.94273574, 0.60410698, 0.92664137, 0.9773605 ,\n",
       "        0.55110459, 0.43126735, 0.53664879, 0.96646194, 0.94234943,\n",
       "        0.98882643, 0.55341504, 0.9808024 , 1.        , 0.87674013,\n",
       "        0.79501415, 0.9182692 , 0.70170494, 0.45082871, 0.43078087,\n",
       "        0.98214299, 0.54606277, 0.95027376, 0.67643516, 0.91902874,\n",
       "        0.63248575, 0.97160651],\n",
       "       [0.92470501, 0.97620001, 0.89680995, 0.98135709, 0.94414157,\n",
       "        0.87425396, 0.77163043, 0.82484697, 0.96365964, 0.93887593,\n",
       "        0.88455194, 0.83094324, 0.94678009, 0.87674013, 1.        ,\n",
       "        0.95587419, 0.98249011, 0.92759042, 0.76685413, 0.75266994,\n",
       "        0.93132434, 0.72001466, 0.96390478, 0.94414752, 0.98480625,\n",
       "        0.91592805, 0.93311694],\n",
       "       [0.92553476, 0.92784404, 0.88035166, 0.91134577, 0.87657651,\n",
       "        0.8877356 , 0.73293124, 0.76868305, 0.88470034, 0.84849497,\n",
       "        0.77182341, 0.83055364, 0.87936246, 0.79501415, 0.95587419,\n",
       "        1.        , 0.93809303, 0.86094117, 0.81018362, 0.74108696,\n",
       "        0.85158556, 0.77530883, 0.88269526, 0.92091723, 0.90966323,\n",
       "        0.92202691, 0.86960273],\n",
       "       [0.89749232, 0.99596934, 0.83737091, 0.97640767, 0.96447226,\n",
       "        0.82237088, 0.70365013, 0.74849655, 0.97458209, 0.93607309,\n",
       "        0.9266645 , 0.80813592, 0.96281837, 0.9182692 , 0.98249011,\n",
       "        0.93809303, 1.        , 0.88092012, 0.75324841, 0.70779284,\n",
       "        0.94565886, 0.77063158, 0.96767333, 0.88574819, 0.97612559,\n",
       "        0.86232432, 0.93903229],\n",
       "       [0.85950568, 0.84956201, 0.96263266, 0.87400851, 0.81854922,\n",
       "        0.89773912, 0.88800875, 0.94882165, 0.84595797, 0.84735595,\n",
       "        0.74733726, 0.92610045, 0.78928048, 0.70170494, 0.92759042,\n",
       "        0.86094117, 0.88092012, 1.        , 0.80562239, 0.91771131,\n",
       "        0.76579771, 0.74144649, 0.83462037, 0.94804297, 0.8843905 ,\n",
       "        0.90487052, 0.79650959],\n",
       "       [0.90856643, 0.70639911, 0.84844515, 0.66676553, 0.56366735,\n",
       "        0.93483919, 0.85083524, 0.72447654, 0.60178317, 0.5286124 ,\n",
       "        0.47884347, 0.88387496, 0.56449497, 0.45082871, 0.76685413,\n",
       "        0.81018362, 0.75324841, 0.80562239, 1.        , 0.8337784 ,\n",
       "        0.52133278, 0.89649997, 0.64345711, 0.86370623, 0.68532219,\n",
       "        0.89458571, 0.50732308],\n",
       "       [0.74506378, 0.65160444, 0.93403939, 0.66252854, 0.59763864,\n",
       "        0.86831211, 0.89623531, 0.93407789, 0.62018518, 0.63098857,\n",
       "        0.49222004, 0.96951835, 0.53548288, 0.43078087, 0.75266994,\n",
       "        0.74108696, 0.70779284, 0.91771131, 0.8337784 , 1.        ,\n",
       "        0.49413005, 0.7991942 , 0.5783443 , 0.84828311, 0.66864457,\n",
       "        0.82727993, 0.55217422],\n",
       "       [0.77746127, 0.96679902, 0.69129484, 0.96846467, 0.98196157,\n",
       "        0.65304673, 0.52850207, 0.62365456, 0.98624592, 0.96348286,\n",
       "        0.97272206, 0.60584969, 0.99775305, 0.98214299, 0.93132434,\n",
       "        0.85158556, 0.94565886, 0.76579771, 0.52133278, 0.49413005,\n",
       "        1.        , 0.53901298, 0.98168647, 0.77388557, 0.96473579,\n",
       "        0.73148258, 0.98508342],\n",
       "       [0.75892026, 0.7247365 , 0.74137386, 0.6395846 , 0.63208511,\n",
       "        0.77256459, 0.67953552, 0.620413  , 0.62900393, 0.55973097,\n",
       "        0.57006383, 0.86574106, 0.59071824, 0.54606277, 0.72001466,\n",
       "        0.77530883, 0.77063158, 0.74144649, 0.89649997, 0.7991942 ,\n",
       "        0.53901298, 1.        , 0.6188701 , 0.7113099 , 0.64270044,\n",
       "        0.73420168, 0.55619308],\n",
       "       [0.85533618, 0.97731485, 0.75731003, 0.97508845, 0.96307721,\n",
       "        0.74309305, 0.62553103, 0.6788924 , 0.97933431, 0.94167247,\n",
       "        0.95143573, 0.67761536, 0.984395  , 0.95027376, 0.96390478,\n",
       "        0.88269526, 0.96767333, 0.83462037, 0.64345711, 0.5783443 ,\n",
       "        0.98168647, 0.6188701 , 1.        , 0.84541832, 0.98077601,\n",
       "        0.80630423, 0.95968852],\n",
       "       [0.96098757, 0.86449422, 0.9723697 , 0.89326372, 0.79188187,\n",
       "        0.97520155, 0.91638549, 0.91019707, 0.83294609, 0.8155416 ,\n",
       "        0.69807597, 0.89741988, 0.79565446, 0.67643516, 0.94414752,\n",
       "        0.92091723, 0.88574819, 0.94804297, 0.86370623, 0.84828311,\n",
       "        0.77388557, 0.7113099 , 0.84541832, 1.        , 0.90445609,\n",
       "        0.98966501, 0.77478643],\n",
       "       [0.88963592, 0.98258598, 0.84557076, 0.99838854, 0.96433227,\n",
       "        0.81741139, 0.73269587, 0.78217086, 0.98479106, 0.96651401,\n",
       "        0.92978253, 0.76858577, 0.97128186, 0.91902874, 0.98480625,\n",
       "        0.90966323, 0.97612559, 0.8843905 , 0.68532219, 0.66864457,\n",
       "        0.96473579, 0.64270044, 0.98077601, 0.90445609, 1.        ,\n",
       "        0.87361466, 0.94981105],\n",
       "       [0.97411588, 0.84188052, 0.96011222, 0.86350328, 0.74998498,\n",
       "        0.99018752, 0.92152232, 0.87545409, 0.79159542, 0.76575293,\n",
       "        0.64650722, 0.89631914, 0.75723818, 0.63248575, 0.91592805,\n",
       "        0.92202691, 0.86232432, 0.90487052, 0.89458571, 0.82727993,\n",
       "        0.73148258, 0.73420168, 0.80630423, 0.98966501, 0.87361466,\n",
       "        1.        , 0.72397149],\n",
       "       [0.74479355, 0.95436849, 0.71991395, 0.95746004, 0.98939668,\n",
       "        0.6475606 , 0.52778506, 0.67000692, 0.98339216, 0.97615889,\n",
       "        0.95882107, 0.64117377, 0.98775252, 0.97160651, 0.93311694,\n",
       "        0.86960273, 0.93903229, 0.79650959, 0.50732308, 0.55217422,\n",
       "        0.98508342, 0.55619308, 0.95968852, 0.77478643, 0.94981105,\n",
       "        0.72397149, 1.        ]])"
      ]
     },
     "execution_count": 3,
     "metadata": {},
     "output_type": "execute_result"
    }
   ],
   "source": [
    "# Calculating the correlation between nodes and the phenotype to add as labels to the embedded points\n",
    "original_dataset = pd.read_csv('C:/Users/ramosv/Desktop/NetCo/BioInformedSubjectRepresentation/GNNs/fev1_X.csv', index_col=0).reset_index(drop='index')\n",
    "complete_original_dataset = pd.read_csv('C:/Users/ramosv/Desktop/NetCo/BioInformedSubjectRepresentation/GNNs/fev1_clinical_variables.csv', index_col=0).reset_index(drop='index')\n",
    "dataset_associated_phenotype = pd.read_csv('C:/Users/ramosv/Desktop/NetCo/BioInformedSubjectRepresentation/GNNs/fev1_Y.csv', index_col=0).reset_index(drop='index')\n",
    "\n",
    "corr = [abs(round(x * 100, 2)) for x in original_dataset.corrwith(dataset_associated_phenotype['FEV1pp_utah']).tolist()]\n",
    "\n",
    "# Altering some Correlation Values\n",
    "# for corr_idx, _ in enumerate(corr):\n",
    "#     if corr[corr_idx] > 13 and corr[corr_idx] < 15:\n",
    "#         corr[corr_idx] = corr[corr_idx] + 40\n",
    "# print(corr)\n",
    "\n",
    "clinical_variables_cols = ['gender', 'age_visit', 'Chronic_Bronchitis', 'PRM_pct_emphysema_Thirona', 'PRM_pct_normal_Thirona', 'Pi10_Thirona', 'comorbidities']\n",
    "graph_adj = pd.read_csv('C:/Users/ramosv/Desktop/NetCo/BioInformedSubjectRepresentation/GNNs/trimmed_fev1_0.515_0.111_adj.csv', index_col=0).to_numpy()\n",
    "nodes_names = pd.read_csv('C:/Users/ramosv/Desktop/NetCo/BioInformedSubjectRepresentation/GNNs/trimmed_fev1_0.515_0.111_adj.csv', index_col=0).index.tolist()\n",
    "\n",
    "nodes_features = []\n",
    "for node_name in nodes_names:\n",
    "    node_features = []\n",
    "    for clinical_variable in clinical_variables_cols:\n",
    "        node_features.append(\n",
    "            abs(original_dataset[node_name].corr(complete_original_dataset[clinical_variable].astype('float64'))))\n",
    "    nodes_features.append(node_features)\n",
    "\n",
    "features = np.array(nodes_features)\n",
    "cosine_sim = cosine_similarity(features)\n",
    "cosine_sim"
   ]
  },
  {
   "cell_type": "code",
   "execution_count": 4,
   "id": "ecb35872652ca019",
   "metadata": {
    "ExecuteTime": {
     "end_time": "2024-06-21T20:47:13.319218Z",
     "start_time": "2024-06-21T20:47:13.244093Z"
    },
    "collapsed": false
   },
   "outputs": [],
   "source": [
    "hidden_layer = pd.read_csv('C:/Users/ramosv/Desktop/NetCo/BioInformedSubjectRepresentation/GNNs/HiddenLayerOutput_GCN_trimmed_fev1_0.515_0.111_adj.csv')\n",
    "hidden_layer2 = pd.read_csv('C:/Users/ramosv/Desktop/NetCo/BioInformedSubjectRepresentation/GNNs/HiddenLayerOutput_GCN_trimmed_fev1_0.515_0.111_adj.csv')\n",
    "#hidden_layer_asp = pd.read_csv('/HiddenLayerOutput_ASP')"
   ]
  },
  {
   "cell_type": "code",
   "execution_count": 5,
   "id": "a3f87578e0898a50",
   "metadata": {
    "ExecuteTime": {
     "end_time": "2023-09-21T21:31:10.773952429Z",
     "start_time": "2023-09-21T21:31:10.689010365Z"
    },
    "collapsed": false
   },
   "outputs": [
    {
     "data": {
      "text/plain": [
       "array([[1.        , 0.99925586, 0.99958172, 0.99941464, 0.99898647,\n",
       "        0.99995385, 0.9997623 , 0.99946033, 0.9990908 , 0.99866247,\n",
       "        0.99793811, 0.9991473 , 0.99931111, 0.9983251 , 0.99880425,\n",
       "        0.99947721, 0.99926317, 0.99942278, 0.99990357, 0.99929102,\n",
       "        0.99926279, 0.99839059, 0.99968617, 0.99972365, 0.9995818 ,\n",
       "        0.99582483, 0.99857652],\n",
       "       [0.99925586, 1.        , 0.99986428, 0.99998391, 0.99995158,\n",
       "        0.99950598, 0.99965275, 0.9998685 , 0.99997254, 0.99989222,\n",
       "        0.9996548 , 0.99991212, 0.99992   , 0.99980841, 0.99704805,\n",
       "        0.99992566, 0.99999358, 0.99993618, 0.99958986, 0.99989979,\n",
       "        0.99992898, 0.9996497 , 0.9998089 , 0.99985556, 0.99994102,\n",
       "        0.99268878, 0.99978506],\n",
       "       [0.99958172, 0.99986428, 1.        , 0.99989657, 0.99973954,\n",
       "        0.99979949, 0.99990276, 0.99998929, 0.99976723, 0.99961969,\n",
       "        0.99916761, 0.99990277, 0.99975691, 0.99941501, 0.99750147,\n",
       "        0.99994383, 0.9998958 , 0.99997858, 0.99985523, 0.99995767,\n",
       "        0.99974643, 0.9995272 , 0.9997837 , 0.99997337, 0.99991115,\n",
       "        0.99344782, 0.99947419],\n",
       "       [0.99941464, 0.99998391, 0.99989657, 1.        , 0.99992823,\n",
       "        0.99963038, 0.99971525, 0.99989262, 0.9999589 , 0.99984105,\n",
       "        0.9995248 , 0.99987196, 0.99995087, 0.99971405, 0.99740311,\n",
       "        0.99995201, 0.99997248, 0.9999429 , 0.99967803, 0.99988367,\n",
       "        0.99995286, 0.99951697, 0.9998939 , 0.99991376, 0.99998436,\n",
       "        0.99325162, 0.99975588],\n",
       "       [0.99898647, 0.99995158, 0.99973954, 0.99992823, 1.        ,\n",
       "        0.99929425, 0.99939799, 0.99977415, 0.99999241, 0.9999704 ,\n",
       "        0.99971738, 0.9998099 , 0.99993792, 0.99987968, 0.99692932,\n",
       "        0.99988347, 0.99992572, 0.99983793, 0.99934616, 0.99980024,\n",
       "        0.99994977, 0.99953627, 0.99973681, 0.99971734, 0.99986311,\n",
       "        0.99254635, 0.99993792],\n",
       "       [0.99995385, 0.99950598, 0.99979949, 0.99963038, 0.99929425,\n",
       "        1.        , 0.99987893, 0.99971729, 0.99936744, 0.99902881,\n",
       "        0.99834673, 0.99945009, 0.99952261, 0.9987085 , 0.99855895,\n",
       "        0.99971153, 0.99952204, 0.99967267, 0.9999705 , 0.99957961,\n",
       "        0.99948276, 0.99879044, 0.99978956, 0.99988058, 0.9997545 ,\n",
       "        0.99530294, 0.99893747],\n",
       "       [0.9997623 , 0.99965275, 0.99990276, 0.99971525, 0.99939799,\n",
       "        0.99987893, 1.        , 0.99984772, 0.9994725 , 0.99922223,\n",
       "        0.99875341, 0.99973202, 0.99949244, 0.99900053, 0.99763801,\n",
       "        0.99973463, 0.99970238, 0.99983367, 0.99995338, 0.99979655,\n",
       "        0.9994739 , 0.99930986, 0.99967151, 0.99991325, 0.99977556,\n",
       "        0.99376721, 0.99898915],\n",
       "       [0.99946033, 0.9998685 , 0.99998929, 0.99989262, 0.99977415,\n",
       "        0.99971729, 0.99984772, 1.        , 0.9997907 , 0.99968352,\n",
       "        0.99924379, 0.99992225, 0.99975547, 0.9994791 , 0.9973194 ,\n",
       "        0.99993948, 0.99990136, 0.99998309, 0.99977328, 0.99997301,\n",
       "        0.9997489 , 0.99957275, 0.9997365 , 0.99993969, 0.99988956,\n",
       "        0.99316416, 0.99953749],\n",
       "       [0.9990908 , 0.99997254, 0.99976723, 0.9999589 , 0.99999241,\n",
       "        0.99936744, 0.9994725 , 0.9997907 , 1.        , 0.99995157,\n",
       "        0.99970753, 0.99982209, 0.99995672, 0.9998636 , 0.99703329,\n",
       "        0.99989222, 0.99994608, 0.99986039, 0.99942046, 0.99981051,\n",
       "        0.99996794, 0.99953102, 0.99979123, 0.99976358, 0.99990419,\n",
       "        0.99269536, 0.99990226],\n",
       "       [0.99866247, 0.99989222, 0.99961969, 0.99984105, 0.9999704 ,\n",
       "        0.99902881, 0.99922223, 0.99968352, 0.99995157, 1.        ,\n",
       "        0.99983734, 0.99978128, 0.99983647, 0.99995098, 0.99634274,\n",
       "        0.99976866, 0.99987083, 0.99976008, 0.99910792, 0.99974233,\n",
       "        0.99986037, 0.99960324, 0.99955118, 0.99956295, 0.99973588,\n",
       "        0.99166327, 0.999941  ],\n",
       "       [0.99793811, 0.9996548 , 0.99916761, 0.9995248 , 0.99971738,\n",
       "        0.99834673, 0.99875341, 0.99924379, 0.99970753, 0.99983734,\n",
       "        1.        , 0.99955472, 0.99947094, 0.99995803, 0.99496435,\n",
       "        0.99932137, 0.99963403, 0.99940838, 0.99853546, 0.99941647,\n",
       "        0.99952294, 0.99963429, 0.99906083, 0.99908639, 0.99934229,\n",
       "        0.98964835, 0.99968108],\n",
       "       [0.9991473 , 0.99991212, 0.99990277, 0.99987196, 0.9998099 ,\n",
       "        0.99945009, 0.99973202, 0.99992225, 0.99982209, 0.99978128,\n",
       "        0.99955472, 1.        , 0.99969458, 0.9996947 , 0.99651121,\n",
       "        0.99985875, 0.99995242, 0.99996178, 0.99959021, 0.99998433,\n",
       "        0.9997068 , 0.99985162, 0.99957712, 0.99982079, 0.99981176,\n",
       "        0.99187364, 0.99957157],\n",
       "       [0.99931111, 0.99992   , 0.99975691, 0.99995087, 0.99993792,\n",
       "        0.99952261, 0.99949244, 0.99975547, 0.99995672, 0.99983647,\n",
       "        0.99947094, 0.99969458, 1.        , 0.99969256, 0.99765165,\n",
       "        0.99990833, 0.99987656, 0.99981043, 0.99951716, 0.99971977,\n",
       "        0.99999844, 0.9992534 , 0.99991683, 0.99980748, 0.99994215,\n",
       "        0.99369355, 0.999853  ],\n",
       "       [0.9983251 , 0.99980841, 0.99941501, 0.99971405, 0.99987968,\n",
       "        0.9987085 , 0.99900053, 0.9994791 , 0.9998636 , 0.99995098,\n",
       "        0.99995803, 0.9996947 , 0.99969256, 1.        , 0.99566364,\n",
       "        0.99958266, 0.99978574, 0.99960878, 0.99884482, 0.99960179,\n",
       "        0.99973131, 0.9996523 , 0.99934111, 0.99935287, 0.99956961,\n",
       "        0.99064632, 0.99985597],\n",
       "       [0.99880425, 0.99704805, 0.99750147, 0.99740311, 0.99692932,\n",
       "        0.99855895, 0.99763801, 0.9973194 , 0.99703329, 0.99634274,\n",
       "        0.99496435, 0.99651121, 0.99765165, 0.99566364, 1.        ,\n",
       "        0.99761044, 0.99694519, 0.99716415, 0.99817982, 0.99686497,\n",
       "        0.99753505, 0.99500397, 0.99829026, 0.99783878, 0.99776258,\n",
       "        0.99902204, 0.99666107],\n",
       "       [0.99947721, 0.99992566, 0.99994383, 0.99995201, 0.99988347,\n",
       "        0.99971153, 0.99973463, 0.99993948, 0.99989222, 0.99976866,\n",
       "        0.99932137, 0.99985875, 0.99990833, 0.99958266, 0.99761044,\n",
       "        1.        , 0.99992655, 0.99995019, 0.99973535, 0.9999085 ,\n",
       "        0.99990001, 0.9994565 , 0.99986905, 0.99993981, 0.99995483,\n",
       "        0.99359685, 0.99972115],\n",
       "       [0.99926317, 0.99999358, 0.9998958 , 0.99997248, 0.99992572,\n",
       "        0.99952204, 0.99970238, 0.99990136, 0.99994608, 0.99987083,\n",
       "        0.99963403, 0.99995242, 0.99987656, 0.99978574, 0.99694519,\n",
       "        0.99992655, 1.        , 0.99996188, 0.99962105, 0.99993997,\n",
       "        0.99988589, 0.99971692, 0.99977078, 0.9998703 , 0.99992752,\n",
       "        0.99252384, 0.99973515],\n",
       "       [0.99942278, 0.99993618, 0.99997858, 0.9999429 , 0.99983793,\n",
       "        0.99967267, 0.99983367, 0.99998309, 0.99986039, 0.99976008,\n",
       "        0.99940838, 0.99996178, 0.99981043, 0.99960878, 0.99716415,\n",
       "        0.99995019, 0.99996188, 1.        , 0.99975153, 0.99998458,\n",
       "        0.99981078, 0.99966338, 0.99976755, 0.99994157, 0.99992495,\n",
       "        0.992884  , 0.99960727],\n",
       "       [0.99990357, 0.99958986, 0.99985523, 0.99967803, 0.99934616,\n",
       "        0.9999705 , 0.99995338, 0.99977328, 0.99942046, 0.99910792,\n",
       "        0.99853546, 0.99959021, 0.99951716, 0.99884482, 0.99817982,\n",
       "        0.99973535, 0.99962105, 0.99975153, 1.        , 0.99968713,\n",
       "        0.99948573, 0.99905286, 0.99975254, 0.99990833, 0.99977577,\n",
       "        0.99465747, 0.99895227],\n",
       "       [0.99929102, 0.99989979, 0.99995767, 0.99988367, 0.99980024,\n",
       "        0.99957961, 0.99979655, 0.99997301, 0.99981051, 0.99974233,\n",
       "        0.99941647, 0.99998433, 0.99971977, 0.99960179, 0.99686497,\n",
       "        0.9999085 , 0.99993997, 0.99998458, 0.99968713, 1.        ,\n",
       "        0.99972286, 0.99975653, 0.99964339, 0.99988237, 0.99984799,\n",
       "        0.99243428, 0.9995591 ],\n",
       "       [0.99926279, 0.99992898, 0.99974643, 0.99995286, 0.99994977,\n",
       "        0.99948276, 0.9994739 , 0.9997489 , 0.99996794, 0.99986037,\n",
       "        0.99952294, 0.9997068 , 0.99999844, 0.99973131, 0.99753505,\n",
       "        0.99990001, 0.99988589, 0.99981078, 0.99948573, 0.99972286,\n",
       "        1.        , 0.99928973, 0.99989869, 0.99979289, 0.99993536,\n",
       "        0.99350559, 0.99986985],\n",
       "       [0.99839059, 0.9996497 , 0.9995272 , 0.99951697, 0.99953627,\n",
       "        0.99879044, 0.99930986, 0.99957275, 0.99953102, 0.99960324,\n",
       "        0.99963429, 0.99985162, 0.9992534 , 0.9996523 , 0.99500397,\n",
       "        0.9994565 , 0.99971692, 0.99966338, 0.99905286, 0.99975653,\n",
       "        0.99928973, 1.        , 0.99899169, 0.99936355, 0.99937396,\n",
       "        0.98965847, 0.99928269],\n",
       "       [0.99968617, 0.9998089 , 0.9997837 , 0.9998939 , 0.99973681,\n",
       "        0.99978956, 0.99967151, 0.9997365 , 0.99979123, 0.99955118,\n",
       "        0.99906083, 0.99957712, 0.99991683, 0.99934111, 0.99829026,\n",
       "        0.99986905, 0.99977078, 0.99976755, 0.99975254, 0.99964339,\n",
       "        0.99989869, 0.99899169, 1.        , 0.99988905, 0.99995202,\n",
       "        0.99474417, 0.99955466],\n",
       "       [0.99972365, 0.99985556, 0.99997337, 0.99991376, 0.99971734,\n",
       "        0.99988058, 0.99991325, 0.99993969, 0.99976358, 0.99956295,\n",
       "        0.99908639, 0.99982079, 0.99980748, 0.99935287, 0.99783878,\n",
       "        0.99993981, 0.9998703 , 0.99994157, 0.99990833, 0.99988237,\n",
       "        0.99979289, 0.99936355, 0.99988905, 1.        , 0.99995416,\n",
       "        0.99398098, 0.99945061],\n",
       "       [0.9995818 , 0.99994102, 0.99991115, 0.99998436, 0.99986311,\n",
       "        0.9997545 , 0.99977556, 0.99988956, 0.99990419, 0.99973588,\n",
       "        0.99934229, 0.99981176, 0.99994215, 0.99956961, 0.99776258,\n",
       "        0.99995483, 0.99992752, 0.99992495, 0.99977577, 0.99984799,\n",
       "        0.99993536, 0.99937396, 0.99995202, 0.99995416, 1.        ,\n",
       "        0.99383571, 0.99966691],\n",
       "       [0.99582483, 0.99268878, 0.99344782, 0.99325162, 0.99254635,\n",
       "        0.99530294, 0.99376721, 0.99316416, 0.99269536, 0.99166327,\n",
       "        0.98964835, 0.99187364, 0.99369355, 0.99064632, 0.99902204,\n",
       "        0.99359685, 0.99252384, 0.992884  , 0.99465747, 0.99243428,\n",
       "        0.99350559, 0.98965847, 0.99474417, 0.99398098, 0.99383571,\n",
       "        1.        , 0.99223137],\n",
       "       [0.99857652, 0.99978506, 0.99947419, 0.99975588, 0.99993792,\n",
       "        0.99893747, 0.99898915, 0.99953749, 0.99990226, 0.999941  ,\n",
       "        0.99968108, 0.99957157, 0.999853  , 0.99985597, 0.99666107,\n",
       "        0.99972115, 0.99973515, 0.99960727, 0.99895227, 0.9995591 ,\n",
       "        0.99986985, 0.99928269, 0.99955466, 0.99945061, 0.99966691,\n",
       "        0.99223137, 1.        ]])"
      ]
     },
     "execution_count": 5,
     "metadata": {},
     "output_type": "execute_result"
    }
   ],
   "source": [
    "hidden_layer_cosine_sim = cosine_similarity(np.array(hidden_layer))\n",
    "hidden_layer_cosine_sim"
   ]
  },
  {
   "cell_type": "code",
   "execution_count": 15,
   "id": "eb728503fea6c2b7",
   "metadata": {
    "ExecuteTime": {
     "end_time": "2024-06-21T20:47:17.591830Z",
     "start_time": "2024-06-21T20:47:17.145872Z"
    },
    "collapsed": false
   },
   "outputs": [
    {
     "data": {
