"","M0000000093","M0000000275","M0100001073","M0100001208","M0100001287","M0100001416","M0100001426","M0100001730","M0100002910","M0100003695","M0100004089","M0100006379","M0100020214","M0100020371","M0100020487","M0100021093","M0100022041","M0999912117","M0999925422","X11117_2","X12020_39","X13463_1","X13998_26","X17761_2","X2944_66","X4464_10","X5508_62","X7861_9","X8368_102","X9021_1","X9829_91","ENSG00000055609.20","ENSG00000066739.12","ENSG00000068650.18","ENSG00000070961.16","ENSG00000071054.16","ENSG00000072364.13","ENSG00000075539.15","ENSG00000080503.24","ENSG00000082701.17","ENSG00000084623.12","ENSG00000084676.15","ENSG00000085224.23","ENSG00000099795.7","ENSG00000100216.6","ENSG00000100220.12","ENSG00000100354.21","ENSG00000100836.10","ENSG00000108510.10","ENSG00000114127.11","ENSG00000115020.17","ENSG00000115464.15","ENSG00000116586.12","ENSG00000117362.13","ENSG00000117625.14","ENSG00000121741.17","ENSG00000123104.12","ENSG00000124222.22","ENSG00000131503.21","ENSG00000132466.19","ENSG00000133858.17","ENSG00000134153.10","ENSG00000135390.21","ENSG00000136044.12","ENSG00000137817.17","ENSG00000138688.16","ENSG00000143164.15","ENSG00000143575.15","ENSG00000147162.14","ENSG00000155115.7","ENSG00000155849.16","ENSG00000157106.17","ENSG00000157764.14","ENSG00000159596.7","ENSG00000160584.16","ENSG00000162869.16","ENSG00000164081.13","ENSG00000165671.21","ENSG00000166747.13","ENSG00000169246.16","ENSG00000171634.18","ENSG00000173575.22","ENSG00000180879.14","ENSG00000184840.12","ENSG00000185864.16","ENSG00000187742.15","ENSG00000207233.1","ENSG00000215421.9","ENSG00000230590.11","ENSG00000237550.5","ENSG00000239183.1","ENSG00000239665.8","ENSG00000242588.6","ENSG00000252464.1","ENSG00000253729.8","ENSG00000264343.6","ENSG00000271204.1","ENSG00000271533.1"
"M0000000093",0,0.0155016486778794,0.0027416494426255,0.00818412873677773,0.0060817090271374,0.0199214975807776,0.0218198539133711,0.0123041525257927,0.00891695056426605,0.00943902979933521,0.00105889414236527,0.0194011982530039,0.00201194899587737,0.00222558684576377,0.00997190419008611,0.00334434710815213,0.0206272673759038,0.00896401086427534,0.0102272602855594,0.00249536087237509,0.0106105285560261,0.0293517032210043,0.0010920861614251,0.00630064902520723,0.0299390315219351,0.000879852202634556,0.000828617050368401,0.0180236681302279,0.0221341750023271,0.0047679192260766,0.000837941243571905,0.00189465004458797,0.00579998403590707,0.00139892465598626,0.000131831081812519,0.00350993423497768,0.00505501448104668,0.00388697280354003,0.00155451525892139,0.00161747938181085,0.00514225023037996,0.00123328887706973,0.00212369332094634,0.00124511434466067,0.00141593335033964,0.000314591050957323,0.00339406038436002,0.000913097924766625,0.00399550679383681,0.00672473966954298,0.00442180197914563,0.00680201171069964,0.000817154583608619,0.00136328751549317,0.000603249419775898,0.00102177621633335,0.00383141741449029,0.00737291429453772,0.00345853982738015,0.00329554208608529,0.0105072696450288,0.00951630829647325,0.00220391187400576,0.00146594116264618,0.00081840371053378,0.00269181929291064,0.00191176396011063,0.00454184674492374,0.00324061034932805,0.000992107714109598,0.00181620601719927,0.0042045984120993,0.00421966737551842,0.000977622488675621,0.000728269285586466,0.00148109440698377,0.00414009039164122,0.00615564667552167,0.00366995614059788,0.0020412297753169,0.0053947627710133,0.00694027772880123,0.00775622055025672,0.00348312833160023,0.00243220935803736,0.00319643878157702,0.000769524113771688,0.00280591424025581,0.00811812654014708,0.000752026980926674,0.00489684945799417,0.00170083733788283,0.00734087411014613,0.0041678852396471,0.00183356969633492,0.00740909881986763,0.00312977554248389,0.00469539653402903
"M0000000275",0.0155016486778794,0,0.00567581110532986,0.0186289765373998,0.0128107305773826,0.0447329945034697,0.0475248353864988,0.0259931252464882,0.0208856289179233,0.0202867818234973,0.00240717094994849,0.0432191168001691,0.0044576376297261,0.00482680854716978,0.022006256030031,0.00721916410609807,0.0484351312167092,0.0199838852525527,0.0219376235275306,0.00516320102856984,0.0236093732944284,0.0636996856320008,0.00210382944214261,0.0130399582150009,0.0660442872309842,0.00173989368052981,0.00165325553383082,0.0390702884126898,0.0483102471558916,0.0100949044120834,0.00153344147844441,0.00412383465883032,0.01334248597766,0.00308176301218938,0.00027976178196597,0.00730976310915053,0.0115113352729,0.00844867691468732,0.00395691694770768,0.00372815819943907,0.0109286215665637,0.00276152242400627,0.00519878616440294,0.00255185240157542,0.00312936030810503,0.000702817853149001,0.0071796064381501,0.00189033749368868,0.00857002435849721,0.0145651986662755,0.00970486569801019,0.0152568879870102,0.00202285496924209,0.00281790842337465,0.00133015505526435,0.00224247939209903,0.00849992963311663,0.0148836750079422,0.00721282018084587,0.00695483536208378,0.0224287803345534,0.0211874846545166,0.00460392940029792,0.00317315829300345,0.00212355532621339,0.00599492861873284,0.0040330125358483,0.00982287478849088,0.00773924293377424,0.00205945881750481,0.0046434378596661,0.0087930193624378,0.0100952670541539,0.0019801712308964,0.00148093284622771,0.00307131956671487,0.00857386530378782,0.0135860749236514,0.00796856009210183,0.00519293393685729,0.0120763715434175,0.0151042560403431,0.0169962104953792,0.00740223132460754,0.00500681534053075,0.00715660887257988,0.00154338556011116,0.00634433082849794,0.0174529814514618,0.00184194055631136,0.0100358803181528,0.00381108822101118,0.0155645335386446,0.00965060305023968,0.00445993792167334,0.0159323807420156,0.00653421357657052,0.0098494935047859
"M0100001073",0.0027416494426255,0.00567581110532986,0,0.00330349985543784,0.0025237369563946,0.00803802842321253,0.00884771674583441,0.00466925925682321,0.00348416168814268,0.00350290619327192,0.000528168020995952,0.00776546994863356,0.000897991208235573,0.000967567367023967,0.00407594763917518,0.00140121935774987,0.00832155744069151,0.00356192006644731,0.00400134092103469,0.000990814096829512,0.00417171954576069,0.0123387377940157,0.000406457159801143,0.00239427513789828,0.0121939424153371,0.000332622270493138,0.000329189086802741,0.00759482076717619,0.00871873517824552,0.00186453485153465,0.000339677876765448,0.000791443699568532,0.00214175348572937,0.000611374350954864,5.56171181511966e-05,0.00138480950043621,0.00203829130941967,0.00159355963527048,0.000627930140388544,0.00060675254652218,0.00233975471374211,0.000562535262411715,0.000830185052086489,0.000487449913803457,0.000640992415684475,0.000132971162993138,0.00139378753445573,0.000322384002916337,0.0015557385396775,0.00272675006107862,0.00179042070453985,0.00264830781843797,0.000402001304114619,0.000575349199148612,0.000257053799454146,0.000431283856098513,0.00150535929392556,0.00237143965541442,0.00143443188464978,0.00127573701667512,0.00422621131803971,0.0040218720263658,0.00107257075440371,0.000675068300189371,0.00034790067804348,0.00103670749546458,0.000839978620117391,0.00194235463130941,0.001338288379877,0.000417549763172579,0.000747382172141051,0.0018125012261649,0.00138992038162114,0.00045376143160166,0.000334359945838385,0.000565687011632441,0.00160148362101894,0.00253031356889845,0.00126579542980007,0.000901648559647678,0.00216119179809885,0.00266704605746671,0.00325455293016014,0.00137958587238752,0.00105164179324942,0.0011100605134344,0.000354410403946353,0.00119822607515335,0.00314288657471979,0.000252572645379222,0.00173559714238543,0.000710577566637498,0.00261264532240049,0.00177477993458849,0.000712478193061931,0.00310308056076335,0.00135259317477671,0.00165009341691958
"M0100001208",0.00818412873677773,0.0186289765373998,0.00330349985543784,0,0.00746242762180923,0.0289461279439981,0.0290116824063488,0.0163924802049178,0.0141048504886112,0.0125990233979845,0.00156492000699005,0.0277177835399858,0.00295322170637223,0.00294575941359108,0.0139973240372829,0.00467358159957137,0.0327780086543237,0.0124921337633768,0.0138331108982634,0.00314680920603736,0.0146733339880516,0.0377882469816024,0.00124578233198017,0.00788625587376451,0.0410506836428152,0.00106237149735704,0.00107857191807567,0.0232054689672423,0.0299472203584835,0.00612922102582999,0.000725813725525255,0.00252672375126568,0.00809469333021024,0.00199135714585379,0.000154348899185394,0.00434712213983125,0.00755959307327512,0.00513473746627594,0.00285508428725333,0.00246046885815754,0.0057220991445559,0.00167721657298495,0.00359257935513502,0.00134916061959471,0.00214076799249954,0.000431544225641561,0.0042340388667594,0.000954011924790766,0.00504171533778715,0.00905308399513591,0.00587130301579215,0.00989033876470112,0.00167434164704358,0.00153526366491688,0.000725151743369547,0.00132170358515358,0.00552261654056704,0.00778906048233492,0.00417742177328713,0.00400617192118896,0.0131652666625623,0.0134522118334145,0.00280582838549816,0.00184566272031669,0.00179251619396606,0.00381776667463236,0.00237130800443528,0.0060694473625438,0.00497985823563576,0.00112494170905734,0.00354370728433083,0.00520597473958623,0.00591579795355206,0.00121891306484907,0.000869136866947915,0.00187270113902226,0.00515454335073051,0.00933402844624064,0.00435474031833337,0.0039292656212648,0.00768154742143314,0.00916101434417204,0.0106586012917786,0.00453652474511161,0.00305697889960344,0.00377551293439891,0.000900306243889662,0.00403698162158783,0.0114199980993246,0.00134768178237854,0.0051874585333064,0.00230934392109031,0.00823197739273307,0.00621483118529754,0.00294779768121388,0.00976778916390474,0.00384098933694468,0.00699859360000458
"M0100001287",0.0060817090271374,0.0128107305773826,0.0025237369563946,0.00746242762180923,0,0.018133563076045,0.0199889709788387,0.0111745107746276,0.00817827896788543,0.00859070618609418,0.00106385585838261,0.0178917509348884,0.00186413096884653,0.0020999831072004,0.00914908503386901,0.00305514438397158,0.0191730751824089,0.00835216013286908,0.00932741968683798,0.00225968785153847,0.0098348754393776,0.0275358103752349,0.000918474321106367,0.00559094494707339,0.027781082931562,0.000783458652026043,0.000712019751444182,0.0169523866025902,0.0199507672216343,0.00430348764066394,0.000670402470788248,0.00179559284081415,0.00484920229289398,0.00136870923175843,0.000110551234592412,0.00320464152895042,0.00456802570680262,0.00352958524309878,0.00135893501226946,0.00157623802496031,0.00448192575988032,0.00122842803012182,0.0019628701366518,0.00101341844272608,0.00144118930051276,0.000261591057050292,0.00310931762024708,0.000733947087108044,0.00369275231295608,0.00636658676483583,0.00412858824278623,0.00629470588618589,0.000799141489768012,0.0012155676571148,0.000522699873985389,0.000937928778738197,0.00374604398382495,0.00584351836664091,0.00324133510717628,0.00308301236968199,0.00961594568409926,0.00894518344366763,0.00220982200005318,0.001361630047544,0.000665803982688198,0.00260129166835933,0.00182505444544098,0.00435036504040219,0.00316114670560964,0.000870698152589961,0.00165652710706179,0.00408436128243799,0.0035602579539987,0.000936444817913378,0.000667398951250119,0.00138108279625222,0.00381690411627263,0.00580484360936495,0.00303401599875346,0.00212184527796974,0.00487276164543563,0.00653091426050763,0.00732811477447497,0.0031686905708447,0.00226979704683101,0.00267903478688153,0.000720959613372514,0.00268427588815707,0.00732992582129177,0.000563855944428154,0.0039582189262938,0.00169937136788077,0.0060478149654958,0.00403030314601784,0.00151114295470021,0.00700989529943066,0.00302032310398251,0.004437292211297
"M0100001416",0.0199214975807776,0.0447329945034697,0.00803802842321253,0.0289461279439981,0.018133563076045,0,0.0729782632774504,0.0417123105849258,0.034251019709903,0.0325990472544568,0.00369219729960112,0.0696942123425885,0.00726030998072049,0.00689041831225289,0.0353522932273328,0.0115419824377111,0.0783285863808303,0.0317635792721685,0.0354877847641509,0.00753990889732703,0.0340117267415545,0.0979653596244808,0.00310396629049548,0.0192446836426723,0.0982030999247328,0.00266225797538968,0.00294478552747867,0.0600803314864637,0.0759376045718327,0.015049433516094,0.0020423299919662,0.00593363703466302,0.0188811761288212,0.00443347222046449,0.00034787601637027,0.0106793043469636,0.0181419766315443,0.0123506812872934,0.00682998054165452,0.00583775586469829,0.0137220990715747,0.00400525670344556,0.00861920141337677,0.00327705375489796,0.00483144847680336,0.00125599551020201,0.0101704894477436,0.00246168459599668,0.0124863667937944,0.0211830406733862,0.0138086810542991,0.0244453812253999,0.00390592226770606,0.00390750991120345,0.00178298965128765,0.00309093975927291,0.0128038154021786,0.0194778308324137,0.0105985037049562,0.010409710534121,0.0318132682973304,0.0340583258735328,0.00713033446444911,0.00435513060573766,0.00463785233261719,0.00896855962729944,0.00589742566020935,0.0141798676543603,0.0122659066854575,0.00279912351409508,0.00862307380285156,0.0132091405865861,0.0132729211855876,0.00306679193949279,0.00209898392405797,0.0046857654837072,0.0128693405066753,0.0226596830904256,0.0101235967088937,0.00954058822162075,0.0186096154622794,0.0223682618431075,0.0251278857128487,0.0112168885162278,0.0075535683919467,0.00974834885678121,0.00229329588000625,0.0101149595499677,0.0283174402223699,0.00330077463345919,0.0130219256777217,0.005726972517088,0.0200072005347147,0.0141692253312338,0.00687330572671784,0.0229518456869495,0.00973905641060817,0.0178858384615607
"M0100001426",0.0218198539133711,0.0475248353864988,0.00884771674583441,0.0290116824063488,0.0199889709788387,0.0729782632774504,0,0.0466421041771475,0.0308380083828646,0.0368943198662435,0.0037957843801645,0.0753765918399096,0.00687126729310152,0.00756292299512798,0.0374905437600747,0.0120350251839561,0.0714177205774987,0.0345508683664759,0.0399968672165015,0.00820113060309245,0.0363937591007079,0.111165344051019,0.00332789298991667,0.0204788201685037,0.110360890395537,0.00285971928580257,0.00337514338192232,0.0680761449233964,0.0877232874850214,0.0166753851327432,0.00223542332784539,0.00654794039524954,0.0177783488397473,0.00489502698466595,0.000386308661281169,0.0117269022002216,0.016758746208718,0.0127832847072069,0.00507975720912001,0.00653045557556138,0.0153633226712349,0.00446674572280674,0.00746715747217227,0.00359762803759358,0.00536787840283561,0.00153729176906607,0.0112210978685002,0.00271479492974703,0.0137663288626414,0.0231654658149635,0.0151957059863475,0.0235016513119947,0.00286875861198687,0.00433739274840363,0.00203971987117751,0.00342976055823064,0.0140310111511506,0.0211896566610859,0.0117347860127961,0.0115219441739294,0.0350381811701081,0.0327853906764548,0.0079002827132047,0.00484233318762693,0.00247696266465591,0.00980190328848078,0.00657716064944325,0.0156707950616146,0.0119256969322397,0.00309860890533452,0.00627662720240217,0.0146262343153552,0.013551594165389,0.00340644085596157,0.00232497251112435,0.00511960937087043,0.0140972466134625,0.0209040829143235,0.011069352405473,0.00802516804179191,0.0178257873416768,0.0245203428333904,0.026607366974963,0.0115900734289586,0.00826551407297613,0.010001809173109,0.00255138529303532,0.00975232636432234,0.0268800306737251,0.00212445728619696,0.0142866277925868,0.00637622675740681,0.021941601348305,0.0149124255226909,0.00563452677526981,0.0254348932500777,0.0107855807347624,0.0165954321070461
"M0100001730",0.0123041525257927,0.0259931252464882,0.00466925925682321,0.0163924802049178,0.0111745107746276,0.0417123105849258,0.0466421041771475,0,0.0166651279478914,0.0225279819326857,0.00171566424782548,0.0476119523744509,0.00344991771838629,0.00395268442814239,0.0207896222546906,0.00675979945919318,0.0390062275594067,0.0183408780887521,0.0247910845729631,0.00514545557555874,0.0208338248475294,0.0612568188545462,0.00224736576150606,0.0134501580715008,0.0619052603618211,0.00199414153367015,0.0023705117768656,0.0376233421027833,0.0511352026537969,0.0101274349339242,0.00138768858049648,0.00344491422648455,0.00942588998648159,0.0023074801635187,0.0001288941999897,0.00736863771586566,0.00950968488327206,0.00717850151043986,0.00278828542214011,0.00375313156596163,0.00638077268491825,0.00223508320612561,0.00386434566512493,0.0022023580875062,0.00273702978431814,0.000869874024816068,0.00596368667336832,0.00157861530137264,0.00772248764719256,0.0130455068113521,0.00833599612462605,0.0122227496745813,0.00136392635666458,0.00237522056981616,0.000924792607476988,0.00174791712557343,0.00846270910574717,0.0154712407531833,0.00701682929403776,0.00679022257488358,0.0199301558558757,0.0173844884918229,0.00367745120757866,0.00223477868135136,0.00139908610286366,0.00524893560621275,0.0037711297937853,0.00831486022142202,0.00577865070480706,0.00170324452688854,0.00335553986511893,0.0088800096584048,0.00575816399228703,0.00221230121128404,0.00125963302197529,0.0030770629328344,0.010122274411693,0.0129758121345818,0.00669931744744778,0.00440174906382697,0.0101642286637022,0.0152085885022978,0.0140290110028284,0.00708118327640814,0.00490981942134371,0.00575596838037014,0.0012622371305302,0.00607099141166015,0.0167900007175205,0.00140459207539157,0.00871097756299994,0.00283601251316988,0.0138205759007666,0.00748046009027335,0.00254293405667421,0.0136207077814565,0.00652973842340364,0.0122900350447592
"M0100002910",0.00891695056426605,0.0208856289179233,0.00348416168814268,0.0141048504886112,0.00817827896788543,0.034251019709903,0.0308380083828646,0.0166651279478914,0,0.0148385521776852,0.00169803564785461,0.0297406063090489,0.00387284875075231,0.00307872028965177,0.0169922173863323,0.00589851647144073,0.0433925873848029,0.0158631540987043,0.0145782386294414,0.00345773843260477,0.0164989046521205,0.0409434956123608,0.00150722799518136,0.00896936388004529,0.0428441484192008,0.00132398628015457,0.00101527612885109,0.0251442820905869,0.0314771694559451,0.00671499267456739,0.000783631946772274,0.00263004766344798,0.0100835670160249,0.00186035389834412,0.000142639769588527,0.00482768154852317,0.00980743607749562,0.00590661890757972,0.00428725702005642,0.00290243845018054,0.00583553314120425,0.00178809394820687,0.00517378703264967,0.00135519387977321,0.0019498052651702,0.000321114492603112,0.00459492871569504,0.00123606035514228,0.00638467216677622,0.00952311359436671,0.00638464115138168,0.013722775763,0.00230187405144365,0.00174124375089582,0.000621679875190359,0.00146196649797531,0.0067227356216096,0.00798006013840017,0.00464454904774684,0.00524586106324114,0.0147424871872351,0.0180897792607084,0.00366568389495069,0.00197657375759975,0.00318930704732619,0.00468223094208145,0.00261876885630914,0.00647985498705755,0.0068951465516217,0.00123776995368281,0.00528274287917133,0.00568109767721749,0.00747944803800322,0.00120255432764803,0.000828547096813696,0.00236801194928595,0.0055824105107507,0.0116720635671897,0.00427548633924403,0.00608706181103985,0.00985686440863614,0.0115214708389896,0.0118398178260786,0.00536475879577526,0.0038267635750833,0.00523801202310026,0.00116231714442721,0.00513914437031686,0.0145386448997517,0.00209824696624385,0.0057248488571249,0.00295329427043771,0.00894398291532677,0.00712542696872037,0.00429763306399794,0.010380066219846,0.00415339939421532,0.00985206457565714
"M0100003695",0.00943902979933521,0.0202867818234973,0.00350290619327192,0.0125990233979845,0.00859070618609418,0.0325990472544568,0.0368943198662435,0.0225279819326857,0.0148385521776852,0,0.00117329451257185,0.0327121450630395,0.00260367809020604,0.00289769901911932,0.0163747436930611,0.00500381610869701,0.0302144382903665,0.0166262427978452,0.0194974459316488,0.00372826186553309,0.0158872071036831,0.0489987114337077,0.00184398715430054,0.0102859299088007,0.0481534103159604,0.00149349504725552,0.00167146971095085,0.0299216513313813,0.0396212387079236,0.00783928836713298,0.00103714363495158,0.00262396596640348,0.00732685863799724,0.00169868928594683,0.000162809488085027,0.00581688045374094,0.00730168420625776,0.00554335986925788,0.00212077626119344,0.00357040676869581,0.00519021484080002,0.00173838560125543,0.00356340014335011,0.00163026020950874,0.00191712383207792,0.000702437468460598,0.0047236645763309,0.00151681955134676,0.00696093328101616,0.00960385831907654,0.00648586248475144,0.0112630756516847,0.00115604823248885,0.0020208608896114,0.000680310042546233,0.00150064840967959,0.00639425450322091,0.00984604417338436,0.00566719604838147,0.00641444947198229,0.0154775988943864,0.0141404136637813,0.00372328307472207,0.00184565164275486,0.00100148340696413,0.0046940110102631,0.00303510747994172,0.00646180163974439,0.00562908913287431,0.00137817243044151,0.00263308388205131,0.00580637101906988,0.0058629395883193,0.00136921832661859,0.000930438697989161,0.00284496282910573,0.00679357349825815,0.00806974764222587,0.00386660814621743,0.00344995379847327,0.00786702005848024,0.0116970552771967,0.0109814261620701,0.00579193483875953,0.0037581774142489,0.00456654829866237,0.00134105265607269,0.00409604864700286,0.0130047186227961,0.00117166271082996,0.00698756305081972,0.00296876918228478,0.00904020067018441,0.00604142665953882,0.00258379108159695,0.0105657686942047,0.00422531697845675,0.00920967591131904
"M0100004089",0.00105889414236527,0.00240717094994849,0.000528168020995952,0.00156492000699005,0.00106385585838261,0.00369219729960112,0.0037957843801645,0.00171566424782548,0.00169803564785461,0.00117329451257185,0,0.00337698339057264,0.000565844038194337,0.000474589146370582,0.0020109635189057,0.000745469805321061,0.00469034322705299,0.0015758386489672,0.0016395430855596,0.000360489271421716,0.00186317726889974,0.0054260568061465,7.61616235995606e-05,0.000829668995893155,0.00557882827526056,7.30850870414194e-05,7.35941520260056e-05,0.00334901993526354,0.00356247630631468,0.000708792166772828,8.52926533151677e-05,0.00039196608134468,0.00112257639087248,0.000329005386324612,2.58565102880393e-05,0.000544784800120198,0.00104511742319836,0.000711375440217977,0.000389385946286713,0.000285074151156402,0.00108032882650144,0.000305383667270993,0.000446293321368674,0.000187283086444515,0.000343888120550236,5.3133926113519e-05,0.000606902657933303,9.88710665195608e-05,0.000594606970683596,0.0012439734177197,0.00084793733670236,0.0012284566928533,0.00026518802582761,0.000232032929101717,0.000140621984714884,0.000201835186769293,0.000616716532150681,0.000808211037962809,0.000613634704208251,0.000470389378248807,0.00180387438172103,0.00213878258248513,0.000396795218805238,0.000317999888900372,0.000278966132521373,0.000430094087278397,0.000379718960382679,0.000896311310477452,0.000697150543219135,0.000169518049447071,0.000564145845553154,0.00082738124129824,0.000718794363385072,0.000180512971660858,0.000146810677734986,0.00017647118513189,0.000627223817908281,0.00126602621967878,0.000611394307161385,0.00055640265012822,0.00104442585457305,0.00104562715004107,0.00158962136531839,0.000583673263264973,0.00035120073218094,0.000478227557741514,0.000112503578449912,0.000602781651030844,0.00140598963030255,0.000152335246389612,0.000611293007638857,0.000344099959038065,0.00105941119534941,0.000979981117609306,0.00037017985753151,0.00146184579440567,0.000617621917745113,0.000499016015917102
"M0100006379",0.0194011982530039,0.0432191168001691,0.00776546994863356,0.0277177835399858,0.0178917509348884,0.0696942123425885,0.0753765918399096,0.0476119523744509,0.0297406063090489,0.0327121450630395,0.00337698339057264,0,0.00609063598265484,0.00672691444733855,0.0343292795814075,0.0107659001129507,0.0684425465665091,0.0311174616813953,0.0361197347029208,0.00778622013656888,0.0337632474135797,0.10124435725136,0.0030332337616384,0.0188862314495607,0.100165969653355,0.00291676563556827,0.0034544197357316,0.0621514754520822,0.080910120164149,0.0154398833063487,0.00194115822828914,0.00570389358101859,0.016711062805697,0.00395736818257535,0.000181194872899278,0.0103796848276823,0.0163876737132768,0.0117942387917407,0.00536197602557412,0.005407301394376,0.0122488950834023,0.00388390947517406,0.00726616442844783,0.00308739162222427,0.00456483060523052,0.00138522929142807,0.009777069545107,0.00225085159754499,0.0122172403445241,0.020705783278114,0.0134721138572562,0.0216462132472401,0.00237789489410635,0.00361452621410794,0.00166790272231289,0.00286016074403552,0.0142790497271169,0.0215701272808131,0.0100714124438282,0.00979297386482587,0.0318083936931476,0.0302545519182551,0.0065062373318218,0.0040375702699674,0.00293802009681799,0.00860290248363955,0.00570861758241171,0.0136702444071095,0.010784772588942,0.00264586264326354,0.00661158550437209,0.0148144816785133,0.0112961895112516,0.00344204121211186,0.00191757088899061,0.00430595395816595,0.0143270773895443,0.0226791051627666,0.0113523013656185,0.00894255985027071,0.0170583868635496,0.0250085950064492,0.0237132873070415,0.0102618482900002,0.00841812449214022,0.0104689653888127,0.00195154498264088,0.0104858270432142,0.0248755682081901,0.00241786934380757,0.0122529040324189,0.00514301951633782,0.0223434545012298,0.013019916240182,0.00519850494914356,0.02238435814326,0.0109230423007907,0.0178919981661334
"M0100020214",0.00201194899587737,0.0044576376297261,0.000897991208235573,0.00295322170637223,0.00186413096884653,0.00726030998072049,0.00687126729310152,0.00344991771838629,0.00387284875075231,0.00260367809020604,0.000565844038194337,0.00609063598265484,0,0.000755194585351462,0.00425191777921053,0.00178971425236859,0.00937525864704786,0.00311973359664794,0.00329003181548896,0.000697021634831875,0.00305242788972591,0.00895215285188124,0.00024786150662163,0.00170512732153971,0.00972983245429175,0.000202702621431081,0.000212495736035635,0.00549630163181082,0.00738274120788761,0.00134922369839428,0.000223330789314943,0.000593447874175378,0.00231674599335542,0.00051655595963047,4.59657670944196e-05,0.0010367995273913,0.00219662587874677,0.00131182500208243,0.000978736013473622,0.000492002030785251,0.00181419509700666,0.000428101757149161,0.000890462009759576,0.000357204897205861,0.000539065627129117,0.000102569560986258,0.00103756641288194,0.000220289160510389,0.00110494981795892,0.00205858260917578,0.00133171648208773,0.00267081209057282,0.00062082142622275,0.000416366031619154,0.000196796474206203,0.000334764135779503,0.00119839000834044,0.00175065961762972,0.00107988377556077,0.000913181578779532,0.00312780446174631,0.00443764555006998,0.000717739685587662,0.000497059497812022,0.000903509249704807,0.000752360120397407,0.000662411776445856,0.00158152494374721,0.00118705270878218,0.000301546818243949,0.00133120677468396,0.00130648419663592,0.00133756247528222,0.000337974653294606,0.000251663085227008,0.00040844287241029,0.00117498036467172,0.00268013769247137,0.00093325228875695,0.00129370026737658,0.00210213128699465,0.00186077646972249,0.00281710284706192,0.00115505217779362,0.000653304339696697,0.000904927433510688,0.000266041033362602,0.00106608472433597,0.00315421722305499,0.000484346845112057,0.00126808616679324,0.000494281325468391,0.00190403694976951,0.00157858934720161,0.000937996470991595,0.00249335405829678,0.00097373316518004,0.00158977099509718
"M0100020371",0.00222558684576377,0.00482680854716978,0.000967567367023967,0.00294575941359108,0.0020999831072004,0.00689041831225289,0.00756292299512798,0.00395268442814239,0.00307872028965177,0.00289769901911932,0.000474589146370582,0.00672691444733855,0.000755194585351462,0,0.00350184353640395,0.00121088898742187,0.00800425366227977,0.0030712839361332,0.00339199212656428,0.000862199119780031,0.00405994334510016,0.0100330343451993,0.000304630656007491,0.00202015368103842,0.011011509321812,0.000262046523003996,0.00022802657761311,0.00618947284251506,0.00757804886540492,0.00160771498162098,0.000182714715614474,0.000759956474517929,0.00191107951862912,0.000624041896260181,4.78010708209208e-05,0.00115218078278205,0.00176228424463333,0.00134855084702125,0.00055734463316697,0.000625754080419142,0.00172810705219076,0.000512761694700205,0.000800703498345469,0.000368840278392926,0.000657781861284734,8.51871973473095e-05,0.00121478006667165,0.000226785252931211,0.00131270967903186,0.00264896027174944,0.0017068323041172,0.00235778590918422,0.00037082421150461,0.000418943962366706,0.000223433389068591,0.000375630893202596,0.00143837025934996,0.00197348417313286,0.00113143456217954,0.000987539435883858,0.00366237068706394,0.00332724614161477,0.000777342169576644,0.000558182929989135,0.00026408549037791,0.00105278295433561,0.000644454688315587,0.00172679094015964,0.00123396135301259,0.000312458753802395,0.000719573163718009,0.00149031702297442,0.001544419712697,0.000331912494310931,0.000258428761724751,0.000463882192227229,0.00133860344118981,0.00228041548560705,0.00128725593597694,0.000769836983614196,0.00185598580937462,0.0023827034213239,0.00293961905470877,0.00113298893020057,0.00082408946254228,0.00090123541804758,0.000221157830432105,0.000986051007279933,0.00267201210300195,0.000209169860390514,0.00134119150694307,0.000668473008748029,0.0022242170263085,0.00175494190077662,0.000592050966538427,0.00278634630575221,0.00110444104102059,0.00144643841712654
"M0100020487",0.00997190419008611,0.022006256030031,0.00407594763917518,0.0139973240372829,0.00914908503386901,0.0353522932273328,0.0374905437600747,0.0207896222546906,0.0169922173863323,0.0163747436930611,0.0020109635189057,0.0343292795814075,0.00425191777921053,0.00350184353640395,0,0.00686112297010139,0.0389048305227106,0.0164793693141678,0.0183119280570839,0.00373916497652048,0.0165808738271066,0.0497955992615008,0.00150659841493561,0.00930363170821442,0.0496294553192783,0.00129591828102225,0.00146440003723304,0.0305146176522062,0.040642716645111,0.00750865205469016,0.00103077192496653,0.00299926310513781,0.00924376500189191,0.00224787028895071,0.000176119342782951,0.00533466769616463,0.00880738439735601,0.00608232784588002,0.00335055561753075,0.00290391869863141,0.00710339361005279,0.00204932201784578,0.00397664181312,0.00164521182647321,0.00244666796464786,0.000648809330618418,0.00514113083723943,0.00122796391707144,0.00624528470666585,0.0105500632871025,0.00692604406750824,0.0121006963540567,0.00189599854330947,0.00198508586940606,0.000923944149660608,0.00156629973278379,0.00637910052384226,0.00967243248378508,0.00535303952620618,0.00521115449416473,0.0159960711070731,0.0179386313879122,0.00360783076403437,0.00222775753830981,0.00230654512323348,0.00442370351900171,0.00301499936420497,0.00716906935432643,0.00592409229015293,0.00141984891816321,0.00424088836797975,0.00674214109487515,0.00637318956559931,0.00155713552183198,0.00107419027305217,0.00230735586936837,0.00641612238433522,0.0111258925426342,0.00507778735261471,0.00479935360315102,0.00913555106928996,0.011145936654262,0.0125792920307472,0.00552018625187926,0.00379023127149854,0.00480603038991497,0.00116538371701511,0.00484748553328073,0.0139017472037332,0.00151676689681762,0.00649731739088655,0.00289969901651576,0.0100362618149448,0.00717077436633847,0.00327386968921243,0.011670282335764,0.00497537273044162,0.00839642523960132
"M0100021093",0.00334434710815213,0.00721916410609807,0.00140121935774987,0.00467358159957137,0.00305514438397158,0.0115419824377111,0.0120350251839561,0.00675979945919318,0.00589851647144073,0.00500381610869701,0.000745469805321061,0.0107659001129507,0.00178971425236859,0.00121088898742187,0.00686112297010139,0,0.0138606923560194,0.0052179829589966,0.00595305120696113,0.00130130504539528,0.00550907748832545,0.0149731187619151,0.00053608522259828,0.00317305885781744,0.016265165532681,0.000448175014776621,0.000470706207453556,0.0091864730301682,0.0136668188168725,0.00246975756367241,0.000355781724470037,0.000986220690703664,0.00324717219465047,0.000808334690120379,6.49151820695591e-05,0.00177677282004328,0.00314034077976294,0.00202794831622036,0.00130269877614541,0.00089076811015228,0.00246620406808685,0.000649497665055678,0.00131141008066516,0.00057868275366191,0.000873518619116853,0.000176570772773707,0.00170134357291553,0.000374900663091105,0.00193424123060499,0.00364185810883301,0.0022841997784815,0.00400455596059698,0.000775621927536168,0.000636978610569762,0.000287305850230797,0.00052136116819369,0.00215986733726154,0.00324771556048231,0.0017115416895295,0.00154392980827586,0.00526442932070502,0.00630661205562033,0.00114931745249937,0.000748827282980019,0.00096610841522115,0.00144099090825711,0.000977127917318935,0.00249131434071916,0.00175541309323229,0.000469099372757628,0.00166245201936592,0.00211809266725616,0.00210466242815932,0.000548184855943179,0.000377284678500951,0.000755284088884102,0.00212989269115343,0.00415821225591166,0.00169291326863177,0.0017371079365425,0.00316412701699011,0.00348544773052182,0.00424103118460487,0.00185509021419953,0.00122761812255007,0.00140089491786952,0.000391469785376123,0.00157977161701814,0.00492021120946588,0.000615011120431838,0.00214572438698687,0.000818881828511952,0.00331671035038277,0.00244925076326293,0.0012131126790903,0.00391395644933124,0.00156954034180965,0.00290412132638842
"M0100022041",0.0206272673759038,0.0484351312167092,0.00832155744069151,0.0327780086543237,0.0191730751824089,0.0783285863808303,0.0714177205774987,0.0390062275594067,0.0433925873848029,0.0302144382903665,0.00469034322705299,0.0684425465665091,0.00937525864704786,0.00800425366227977,0.0389048305227106,0.0138606923560194,0,0.0330986747263054,0.0342046232746302,0.00811482767671819,0.0415942306877849,0.0959507698377619,0.00297988647584647,0.0209054674842988,0.0987104020603453,0.00258724448348168,0.00197214019865783,0.0592070217505519,0.0731461295827314,0.0153696534497613,0.0014535881300995,0.00718987323609915,0.0227831605840919,0.00536916301748728,0.000424714685097526,0.0112987069119484,0.0225985958377997,0.0138947433235628,0.00969709291899435,0.00674380239782145,0.0134125532166857,0.00487933447004352,0.0119226444598485,0.0034176166325866,0.00566129154922969,0.000680475273751214,0.0110036857371211,0.00239157455812346,0.0131896959692509,0.0255805004518669,0.0167358233535456,0.0288795684314399,0.00580619184466848,0.00391198346690352,0.00199945053604093,0.00344798254768828,0.0128597071915409,0.0191252866979194,0.0111456652193771,0.0106364824564391,0.0345470913709621,0.0416174704374088,0.00708470992400854,0.004865403226671,0.00700055061624823,0.0108512170075879,0.0057500657872033,0.0149006869672848,0.0161151192453447,0.00285345638502935,0.0129130811741672,0.0134862030663271,0.0168289192437856,0.00266054071414869,0.00214799650699703,0.00480682862832415,0.0132743849988229,0.0269288727981306,0.0122351534762627,0.0118554070345097,0.0225058626151826,0.0237050822905094,0.027518603277609,0.0124210589758323,0.00739546189657377,0.0105096190433988,0.00171305150035527,0.0117371271973384,0.0334078522380543,0.00453609929539265,0.0132326813267501,0.00698178695107402,0.0208257705065236,0.0179152929478416,0.00886900191080187,0.0240435898281883,0.00992211420441289,0.0192174058913291
"M0999912117",0.00896401086427534,0.0199838852525527,0.00356192006644731,0.0124921337633768,0.00835216013286908,0.0317635792721685,0.0345508683664759,0.0183408780887521,0.0158631540987043,0.0166262427978452,0.0015758386489672,0.0311174616813953,0.00311973359664794,0.0030712839361332,0.0164793693141678,0.0052179829589966,0.0330986747263054,0,0.0162689296557016,0.00341654997069311,0.0155633473212977,0.0470867644693578,0.00148129066511397,0.00854446112054649,0.045459508755288,0.00131007990463426,0.00129727648120128,0.0288195551287638,0.0358483754566491,0.00703034681643353,0.000864723984321921,0.00266990045598361,0.00784885403335822,0.00182407538516527,0.000141311879576775,0.00489971534691263,0.00763931665682023,0.00546753165637225,0.00258556115396396,0.00300492707140701,0.00605369680508425,0.00186089839229318,0.0038511068897015,0.00135550025884061,0.00197267075851617,0.000554878833244867,0.00469662340034362,0.001281987311315,0.0065511154305822,0.00942280724259112,0.0063993216684335,0.0117922793221717,0.00121806266761721,0.00184216884957975,0.000729942325377617,0.00146658608138152,0.00653366249338894,0.0080438669696487,0.00489638036377834,0.00553602549380927,0.0149647577627773,0.0155730868153059,0.00385753537741845,0.00201849483381235,0.00145559372090634,0.00463344179923437,0.00274711273976389,0.00646537651221718,0.00609721935444802,0.00128572875272186,0.00326401354668861,0.00606354452423262,0.00650952288540909,0.00128338848153425,0.000856923322909328,0.00240106629449505,0.00569835348506929,0.00908409572776165,0.0042136769430334,0.00439697825155313,0.00803431175376659,0.0116106958480586,0.0111738729536937,0.00503523924152473,0.00389534373078874,0.00495796234774604,0.00121231968448407,0.00430245247421428,0.0116959973007288,0.00122163961926429,0.00586092172229053,0.00313578645121499,0.00897742756396128,0.00642157154407717,0.00301916905464813,0.0105022144753094,0.00443434486099526,0.00801820411621717
"M0999925422",0.0102272602855594,0.0219376235275306,0.00400134092103469,0.0138331108982634,0.00932741968683798,0.0354877847641509,0.0399968672165015,0.0247910845729631,0.0145782386294414,0.0194974459316488,0.0016395430855596,0.0361197347029208,0.00329003181548896,0.00339199212656428,0.0183119280570839,0.00595305120696113,0.0342046232746302,0.0162689296557016,0,0.00397248187174949,0.0170600359820609,0.0527333026158069,0.00174744697852052,0.0107723260105601,0.0527170638132652,0.00139965456640272,0.00181042866424667,0.0322640910076534,0.0433997959003965,0.00823918062460951,0.00112495581836442,0.00302392007637219,0.0081954158094831,0.00221126387361172,0.000200730559631447,0.00614123764091275,0.00801194200283567,0.00600165841710296,0.00246493761326503,0.00348634659907966,0.00629073605522237,0.00201212570818862,0.00347886588361632,0.00187589207733536,0.00249989925494233,0.000826954143222772,0.00515114781394596,0.00139153166197314,0.00651222776177547,0.0109551309282536,0.00713637885300245,0.0107785699144868,0.00160856773283208,0.00212871191118281,0.00092895010080747,0.00160227379407974,0.00609660050717747,0.011053261335473,0.00608894078876028,0.00593934045136848,0.0164232216639696,0.0154276201356548,0.00341910860847204,0.00208606259369576,0.00139789210054109,0.00451365499583884,0.0032654285655139,0.00718368049526635,0.005360232016514,0.00148944297301265,0.00315126464930949,0.00651666932077661,0.00569798665358937,0.00162721922547195,0.00114051867697031,0.00266631747637392,0.0073882057990587,0.00947920817287816,0.00481705603015545,0.0033885698102817,0.00851662372825229,0.0110150838918602,0.0122067091303674,0.00607963301472783,0.00349963029407228,0.00421082370068547,0.00121448990906619,0.00449561952160617,0.0143010407043874,0.0011829126854761,0.00739773434226363,0.00279878725220183,0.00992754605128681,0.0068252139032157,0.00251894650742255,0.0116946115087107,0.00479014232151061,0.00881032649785893
