"","M0000000098","M0000000917","M0100001106","M0100001391","M0100001999","M0100002129","M0100004541","M0100006116","M0100008994","M0100009026","M0100009123","M0100015755","M0100020377","M0100020409","M0100021374","M0100022006","M0999907765","M0999912026","M0999923680","X10800_15","X11355_10","X12444_39","X12450_42","X12685_57","X13572_43","X15435_4","X15515_2","X17355_56","X17384_110","X18339_207","X18401_18","X18870_1","X3026_5","X5228_25","X7625_27","X9747_48","ENSG00000005812.11","ENSG00000014123.10","ENSG00000069275.13","ENSG00000072401.15","ENSG00000079277.22","ENSG00000082074.19","ENSG00000084090.14","ENSG00000085063.17","ENSG00000085978.22","ENSG00000087206.17","ENSG00000100129.18","ENSG00000100823.12","ENSG00000103365.15","ENSG00000104343.21","ENSG00000105373.19","ENSG00000108312.15","ENSG00000110931.19","ENSG00000115053.17","ENSG00000118596.12","ENSG00000120899.18","ENSG00000120992.18","ENSG00000121060.18","ENSG00000129103.19","ENSG00000130520.11","ENSG00000133703.13","ENSG00000134152.11","ENSG00000134851.13","ENSG00000139746.16","ENSG00000144848.11","ENSG00000145912.9","ENSG00000155287.11","ENSG00000158201.10","ENSG00000162923.17","ENSG00000163412.13","ENSG00000163466.16","ENSG00000167207.14","ENSG00000167658.16","ENSG00000168421.13","ENSG00000172965.17","ENSG00000181381.14","ENSG00000189091.13","ENSG00000198162.12","ENSG00000198242.14","ENSG00000198604.11","ENSG00000198833.7","ENSG00000204590.12","ENSG00000211747.3","ENSG00000211772.11","ENSG00000225190.11","ENSG00000230989.7","ENSG00000242616.4","ENSG00000246263.3"
"M0000000098",0,0.00223789461843405,0.0083538400690778,0.00620925214983157,0.0173999783819261,0.0222158139300492,0.00705368388961862,0.00183643119157418,0.0120793714427464,0.00956464390615479,0.0153918279978029,0.0054074110269582,0.00571809682937013,0.0045678570066127,0.0327947739195058,0.00547849184704695,0.001659124049445,0.0105510031238844,0.00156732552171784,0.00316778785978199,0.00261522780439583,0.00120068903536966,0.0106853755926471,0.0105058596356906,0.000405353690009694,0.0333254350494963,0.0364019425605119,0.0148809709479835,0.017727570885576,0.000825279993781002,0.00157265877712554,0.000850235342039849,0.00108726045948277,0.00082129738163092,0.0291123743716555,0.00920179597552826,0.00625979016124281,0.000671566076231221,0.00897123819125244,0.00768062739016175,0.000345422583045963,0.0155298776341782,0.00227329319086791,0.000854742096055747,0.00122761917499977,0.00549881519317679,0.00172234181911842,0.007397440657903,0.00504545725090668,0.00476897162044486,0.000884985710918975,0.000565496318885786,0.0217185326752299,0.000390739990297032,0.0254233522502432,0.0045995885794969,0.00026132850526712,0.00519367315995336,0.0141179363918574,9.71820739853881e-05,0.00450056093110845,0.00494430254535903,0.00667997395952544,0.00182277511619355,0.00527385442057534,0.000941225070941333,0.00100922263159615,0.00453158924478481,0.000663491512647934,0.0216386711781068,0.00697638292008119,0.0159188825517214,9.54215976920164e-05,0.00508956391188495,0.0202139255367755,0.0205459032145163,0.00608471382929624,0.00888488646632692,0.0023955414562635,0.00603425503886005,0.00800016917257976,0.00274976482021488,0.0120491395161646,0.00975008399221554,0.00620074472540443,0.000763535720106366,0.00475125467663852,0.00596312740183641
"M0000000917",0.00223789461843405,0,0.00226204597151428,0.000483904116340281,0.00534649090579256,0.00613465474446402,0.00560110341982419,0.00145627765054008,0.00523251993028054,0.00356894993667839,0.00674262003896071,0.00216333423506691,0.00361128459639872,0.00232509684950217,0.0119309628925261,0.00204951076918785,0.00117472764221041,0.00887531104020963,0.000325864940347642,0.00229814355324004,0.00229975098143292,0.00101431394435482,0.00321070256777385,0.00452843709309543,0.000529782980730035,0.00456394411809473,0.0310030598123005,0.00357457779210778,0.0074086681741466,0.00090263598088242,0.00125032097309976,0.000668751586089113,0.00143761682643903,0.000865036072213646,0.00413354230326572,0.00485030746720468,0.00274347759668032,0.000655326435576803,0.00488028617114318,0.002340029775331,0.000286652507926532,0.00447805540642805,0.00146278398999539,0.00114857397750418,0.000754939596983811,0.00223526428953615,0.00178230247286401,0.000672035164741301,0.00280134927692743,0.00351671257912971,0.000748549545430042,0.000692655062676768,0.00433191577928625,0.000336694494900992,0.00421701988204797,0.00127105544033511,0.000308345922144231,0.00390850693106204,0.00709269864663259,0.000113747477239071,0.00127922277006297,0.00251920650620251,0.00384056323270645,0.000994234485094621,0.00360218343552702,0.00101793871087655,0.000702747299069081,0.00268789296379073,0.00063802892124587,0.00365622704087832,0.00298370966651995,0.00493995518043307,0.000151386896144954,0.00258025954640086,0.00407384246234988,0.0041689933087906,0.00389862160933766,0.00112176075726404,0.00115508885308262,0.0019437818352996,0.00660461063809435,0.00203977755715233,0.00322395623636362,0.00189426436642681,0.00248691769077923,0.000548691182229599,0.00358455162766176,0.00303796365748543
"M0100001106",0.0083538400690778,0.00226204597151428,0,0.00337963219821833,0.0109187319289441,0.014229241688755,0.00751121583771428,0.00207511881126312,0.00934373218763879,0.00937015553645168,0.0126652713904376,0.00628718560363647,0.00559986151669031,0.00444554519855508,0.0236604536471908,0.00388258710546481,0.00199099433210317,0.0113158003771053,0.00103591309072408,0.00276207369350108,0.00256198097344375,0.00120399766737897,0.00810852887517113,0.0112845246800351,0.000497212101317894,0.0230274157213529,0.0375564307726366,0.0165708654394077,0.0197787679653445,0.000739898191012564,0.00147780824215605,0.00084015571385966,0.00112785379667897,0.000928045041469485,0.018169120482786,0.0101105025706697,0.00681788561213153,0.000757071480669178,0.00953034791404526,0.00504703880786909,0.000347093838594523,0.0104310746718009,0.00279348095308774,0.00131626634110095,0.00137609319401751,0.00520481768398094,0.00199773381639382,0.00360222202952317,0.00575249338485695,0.00524302752275515,0.000901128377537077,0.000645472713651854,0.0133817067930995,0.00046862728853039,0.013113068226903,0.00277465802782638,0.000328009218112053,0.00619845093164365,0.0120772083177665,0.000102931067654274,0.00299203244905131,0.00498404776418437,0.00584580929923549,0.00206576961654296,0.00602184937913012,0.000926227696857229,0.00116399434093161,0.00503297342162809,0.000703562092875094,0.0130517305723446,0.00687317174959844,0.0108865773272322,0.000154030772781257,0.00479252302381202,0.0113602265904177,0.0125844469375575,0.00660887335700163,0.00446333568084085,0.00226262173267971,0.00478337009150182,0.00811610334223072,0.00307845552305114,0.00684517161524794,0.00613887443957213,0.00526139984743837,0.000945333152290279,0.00483532673378521,0.00552624141640136
"M0100001391",0.00620925214983157,0.000483904116340281,0.00337963219821833,0,0.00660992147611647,0.00861934217042823,0.0015997228026072,0.000504738545755174,0.00393907792305166,0.00255220694126363,0.00532976548850152,0.00159902204616705,0.000824318587596338,0.0014421547966305,0.0111502265479464,0.00224841613476251,0.00050488605473257,0.00229892146402091,0.000912222403070574,0.000374239303372976,0.000563117519462877,0.000116003877572223,0.00426143899361472,0.00274744812806745,0.000151444248309988,0.0132420406746034,0.00778848921633212,0.00451416378967094,0.00451035215991576,5.91834414017831e-05,0.000218297801902254,0.000131174595883882,0.000156218536634569,0.000251209441619105,0.0140238493359078,0.00226430226371566,0.00159017542934889,0.000141271196511607,0.00245932717131213,0.00265057551029668,5.79615075635872e-05,0.00628958504881241,0.000639027308363514,0.000369905837073913,0.000362540445380345,0.00179601524974861,0.000434638960034479,0.00332430683019928,0.00142634856443442,0.00122472315953901,0.000145108607702261,0.00017191294156688,0.00860988727302975,9.41755313583957e-05,0.0101916502752511,0.00166660356344685,9.05434724873976e-05,0.00155587297728093,0.00497231421342464,1.83476320667128e-05,0.00169329723550441,0.00118452300380687,0.00224918356469055,0.000509735640159084,0.00147938890041039,0.000195695670495386,0.000276753286507986,0.00118234418932763,7.25102813248645e-05,0.0085497394681457,0.00164584953342237,0.00587941469053578,3.50411928848619e-05,0.00117159032000257,0.008348448072773,0.0081980685292795,0.00146950605595674,0.00387147921213886,0.000791980420009168,0.00184193257901242,0.00212056495850487,0.000712526378302897,0.00499890130822509,0.00445151802933595,0.00166546626197607,0.000261137137232656,0.00104177828506587,0.00104848955426912
"M0100001999",0.0173999783819261,0.00534649090579256,0.0109187319289441,0.00660992147611647,0,0.0290498735987688,0.0146593238166824,0.00373701476990609,0.0182354598016475,0.0130581766675048,0.0235906105600622,0.00810879629744568,0.0101468296632512,0.00746053608648047,0.0459115184915881,0.00803888622246143,0.00317280988355079,0.0218209826786741,0.00189150695680203,0.00544930131238163,0.00580436746961795,0.00255216923440514,0.0152938226385122,0.0161446110194043,0.0010927624414598,0.036597259479314,0.0798955824329261,0.017490072255027,0.0260785434988702,0.00176812338170269,0.00316640889917409,0.00175196516040855,0.00258711907858685,0.00209777794457419,0.0331684463359011,0.015497180141996,0.00961575605110236,0.00158873230472629,0.0160113069683749,0.00928542868702248,0.000817027935873288,0.0204268566090388,0.00444668287526749,0.00233310124095778,0.0022386333301412,0.0081685881608973,0.0039535749448073,0.00774101339966514,0.00914714431605274,0.00924888636175263,0.00173893611224993,0.00148998538055469,0.0235227124527688,0.000934336150674113,0.026731862432392,0.00565807279864046,0.000683017210438031,0.0097060116738344,0.0209863520513426,0.0002041392453941,0.00614579670831659,0.0080855212790726,0.0124211861897947,0.00327794034264629,0.00958699080555514,0.00219253811863171,0.00198310197151048,0.00821716740371885,0.00137042463335858,0.0251036993990235,0.0103506569352901,0.0211066862818034,0.000278548940779761,0.00832370661347926,0.0237603507153276,0.0247138431939031,0.0105360015165855,0.00884104531588067,0.00398841329350702,0.00855867938118693,0.016928906021778,0.00572173566289511,0.0152592721046192,0.0108433680441754,0.00863302376566347,0.00169738280931135,0.00951895693769293,0.0089781489567858
"M0100002129",0.0222158139300492,0.00613465474446402,0.014229241688755,0.00861934217042823,0.0290498735987688,0,0.0190151155546588,0.00467579236637891,0.0237152279911621,0.0169819515617626,0.0311687539590036,0.0102200598915286,0.0147061960648344,0.0096402070989205,0.0596336065461406,0.0105404500123477,0.00417367386036034,0.0280455503633429,0.0027893374038606,0.00747350832888237,0.00665613326221168,0.00382952642966629,0.0194064114576106,0.0182924505118233,0.00123986709646603,0.0479353734474366,0.101516415007457,0.0250358566228375,0.0328724511575747,0.00260867032621268,0.00451201588282544,0.00221198083406537,0.00377442080501571,0.00247867752702364,0.0434675566465962,0.0196889446164759,0.0119919086178737,0.00234871717955137,0.0214623507836444,0.013027444311853,0.00105104245780407,0.0261386278275923,0.00660971410755466,0.0029598500812988,0.00269655834420804,0.0105531853440392,0.00578018533225555,0.0105142914635031,0.0110273885100053,0.0112380077816377,0.00240284185015167,0.00190006530668559,0.0301835284661241,0.00137023663378474,0.0359208624675272,0.00793560623305489,0.000961056691103192,0.0122927162858576,0.0279323802419317,0.000285946410484443,0.00859717949384113,0.00934052846023476,0.0141689947821758,0.00459153642383813,0.0122002022154486,0.00261774530327237,0.00262174061184272,0.0115233835204815,0.00221266253451444,0.0330560009254132,0.0132248125344861,0.0273687001851135,0.000458942133272874,0.0105179056614115,0.0341932365013553,0.0335235985518259,0.0119503360617936,0.0128081606048176,0.00548481428753544,0.0118626766779132,0.018647913473652,0.00736625300324856,0.0205556743809338,0.0142825473449689,0.0101699185188989,0.00231957326877972,0.0111412275349716,0.0120562840245646
"M0100004541",0.00705368388961862,0.00560110341982419,0.00751121583771428,0.0015997228026072,0.0146593238166824,0.0190151155546588,0,0.00420435120938313,0.016269559732674,0.0133484555929755,0.0206744349028031,0.00869439281183642,0.0117029879270538,0.00736321314294083,0.0365448273113143,0.00595386027213718,0.00364538195964461,0.0252263163723717,0.000848066366778283,0.00615249756532909,0.00607771485258789,0.00315212542144163,0.010248862950135,0.0150086703905541,0.00120410157882444,0.0190595923122908,0.0919901459077922,0.016671379867983,0.0289705498040911,0.00210642050057569,0.00374988175708292,0.00220900633900032,0.00304683203553792,0.00226194834860677,0.0137434452166098,0.0169446278338118,0.0100092040948988,0.00194847065798589,0.0164535869216743,0.00692737824994912,0.000865612897630305,0.013868573754137,0.0054030119178088,0.00309928757716143,0.00229403846920327,0.00797734193412546,0.00480186833297816,0.00247121375980749,0.00968927134701639,0.00966824713033952,0.00220025522681347,0.00155625209457059,0.0129026656053687,0.00113232549886047,0.0124174929517777,0.00411859346554546,0.00078871748009216,0.0112791331194029,0.018649582647717,0.000227998266530718,0.00447635955799109,0.00793272984224336,0.0112741291094029,0.00365073520832207,0.0107975922676379,0.00227994988976643,0.00224702126957614,0.00932785218687016,0.00180520032247666,0.0152865105526313,0.0116281146639647,0.0139890601672014,0.000377431065801065,0.00879188358596237,0.0123579238002769,0.0149132840560076,0.0103259552428283,0.00359385816670667,0.00431052749328023,0.00756385479856441,0.0169184256613985,0.00632897388730429,0.00787832127166656,0.00647874240280091,0.0072283574731386,0.00191535298795975,0.00997045997883857,0.0111972084781788
"M0100006116",0.00183643119157418,0.00145627765054008,0.00207511881126312,0.000504738545755174,0.00373701476990609,0.00467579236637891,0.00420435120938313,0,0.00400017384484268,0.00372947971569111,0.00522057711483287,0.00250831327142766,0.00274650898101371,0.00201385943146432,0.00934956403452225,0.00153219720256258,0.00103598125333732,0.00614332348815435,0.000275356642603932,0.00151187330549021,0.00157696740186289,0.000558241762987613,0.0029895860536,0.00460396131004393,0.000336913695658917,0.00602371571116829,0.0221850012387588,0.00519066043431351,0.0074375757735138,0.000442729723808621,0.000830310590457795,0.00042865653794238,0.000783290401205048,0.000526183271587434,0.00415901641674617,0.0043664794865499,0.0028285629909234,0.000423690698427698,0.00453266396587891,0.00205456537733489,0.000168191742247915,0.00334651128931815,0.00149867482050556,0.000884638627629567,0.000677053297256725,0.00215216201569334,0.00130269346155783,0.000680867224261708,0.00302145831768332,0.0026798923316912,0.000480393029622529,0.000398829336250128,0.00360539947836552,0.000259728647018658,0.0033328329600202,0.000932301312642628,0.000230940288766901,0.00293050925342117,0.00553547611447778,6.27686882628567e-05,0.00103497653625367,0.00230918557099557,0.00267173071220703,0.000953173710669558,0.00322545696262463,0.000628870915996891,0.00062420230315555,0.00236506768701109,0.000376712967397757,0.00382554471184251,0.00259603523673707,0.00423526338876605,0.000101457048955715,0.00233910843007689,0.0031925502633891,0.00365077815650566,0.00289748891851002,0.00086360579971036,0.00118501573107676,0.00176770621986918,0.00454110123299444,0.00161478246226658,0.00201372364286619,0.00187607609208357,0.00214037142034269,0.000476046850325882,0.00272090353735874,0.00259113970235685
"M0100008994",0.0120793714427464,0.00523251993028054,0.00934373218763879,0.00393907792305166,0.0182354598016475,0.0237152279911621,0.016269559732674,0.00400017384484268,0,0.0196435625057376,0.0227304146774063,0.00897435792892851,0.011360603465702,0.00769723611565866,0.0430936385641124,0.00690654568046742,0.00360584205323305,0.0245431206340653,0.00126713760257893,0.00590309119054655,0.00547825507906327,0.00302923666985682,0.012739850178485,0.0160508432037054,0.00122532295448622,0.0280670846901832,0.0873951174520717,0.0187884535998138,0.0287675359976851,0.00215034352983193,0.00338688755423147,0.0023000509325324,0.00305980569807706,0.0021401493945491,0.0259882441529634,0.0183285483105593,0.0113875299441419,0.00201198921613376,0.0169711521671109,0.00859190718475085,0.000902746363249789,0.0192207228243987,0.00506926581633023,0.00258748728753988,0.00207997333813135,0.00957522351041571,0.00452145242061836,0.00585643842755106,0.00964794469071547,0.0095109415137665,0.00211987259688692,0.0015705555446312,0.0258907884023672,0.00114629924760711,0.026916244611573,0.00578920731321057,0.000803439326810474,0.0107012511460757,0.0220820895868234,0.000239549332588989,0.00555979288906908,0.00967854277954891,0.0123430410318761,0.00400193204999991,0.010357123596142,0.0022359422168397,0.00221465258937242,0.0101310479697381,0.00175716035771633,0.0233298500268218,0.0130041567040519,0.019340622894316,0.000394173988957608,0.0100463664498487,0.023436563718249,0.0213262062927067,0.0103899872900751,0.00955732733272255,0.00431526230984688,0.0101591415483252,0.016111335710196,0.00664731541386474,0.0128974559224198,0.0132167134501973,0.00795708970032037,0.00191596070754037,0.00937027755248024,0.0135705365215056
"M0100009026",0.00956464390615479,0.00356894993667839,0.00937015553645168,0.00255220694126363,0.0130581766675048,0.0169819515617626,0.0133484555929755,0.00372947971569111,0.0196435625057376,0,0.0194915625856199,0.0136021996213385,0.0103159912480063,0.00786290702663423,0.0355651416934633,0.00455078644521798,0.00384183575488163,0.0206817394253819,0.000771082225020379,0.00466814263709519,0.004160890474371,0.00201323407968085,0.0122829179453648,0.0240220088291955,0.000781967218786517,0.0356624413700791,0.0631426657255278,0.0367743231080532,0.0437089899679689,0.00113154047020021,0.00252442934368352,0.00142495609073056,0.00171659220688707,0.00154975630499495,0.0250953225479522,0.0204656024171818,0.015918366867422,0.00129954857726072,0.0188953384978808,0.00620310369050929,0.000598626075567244,0.0174085903718068,0.00526995080904283,0.00211576660524238,0.0026055643361364,0.0115784270126613,0.00329573187170806,0.00452548141836328,0.0115151445087093,0.00972039528285713,0.00160451509008518,0.000968957065020396,0.0282225022893818,0.000786115037132428,0.0258192304186763,0.00402817059564215,0.000502734328277125,0.0122091646427912,0.0213780356911167,0.000177359607382396,0.00416875188682849,0.0117692573156338,0.00919490832711325,0.00401663900421353,0.0116376557935288,0.00142944827690162,0.00217204436031121,0.0108889526980658,0.00118797436706273,0.0215915133937003,0.0150022231276399,0.0167439462013562,0.00025099891867344,0.0113785714054227,0.0204497077466681,0.017442230712296,0.01342933258754,0.00825122874495379,0.00365346689207895,0.0115691639520434,0.0139271435197195,0.00552237095094022,0.0104343192212812,0.0130217435803226,0.0100457044639769,0.00171621937919519,0.00882559028034739,0.0164405134154534
"M0100009123",0.0153918279978029,0.00674262003896071,0.0126652713904376,0.00532976548850152,0.0235906105600622,0.0311687539590036,0.0206744349028031,0.00522057711483287,0.0227304146774063,0.0194915625856199,0,0.0127522938770971,0.0153755267166899,0.0102887060011263,0.0544248145048153,0.00901721762145267,0.00479937269528224,0.0312579446164619,0.00185033771249802,0.0079149892653936,0.00733792064865921,0.00385075269297891,0.0170160978433411,0.0224097281042345,0.00144774087860854,0.0388271037343205,0.110826747023844,0.0326892839584251,0.0391854906056386,0.00256562037242116,0.00452276103535493,0.0026885926785875,0.00367298799896197,0.00272245656706532,0.0311167592464356,0.0222802729688275,0.0142424146199856,0.00234044447422441,0.0221198588419008,0.0112479704001687,0.00104905936304634,0.0220176908758015,0.00688608506156571,0.00371200135926331,0.00296961055251898,0.0112660741512187,0.00579881378265355,0.00631809933019227,0.0129853605254793,0.0133748729334599,0.00268365572613742,0.00187706449205879,0.0248887433031948,0.00136786393760367,0.025896575402796,0.00644028970193103,0.00094573785268673,0.0155340229887249,0.0273632632589535,0.000286073409878829,0.00676857269864592,0.0108688695042664,0.015390519173901,0.0047728829346771,0.0142707978831942,0.0027565105136795,0.00275952391598399,0.0128252339282048,0.00218532740485691,0.0262813835625585,0.0155053793639682,0.0229666291079633,0.000453635824058439,0.0113301427362695,0.0229258249307069,0.0262363409837803,0.0154234399305574,0.00817590253320907,0.00568990833138451,0.010612726379898,0.0218968262716063,0.00800870976148635,0.0148649015848884,0.0112439053640632,0.0118166833300888,0.00225435642560836,0.0123500061272128,0.0131501564375194
"M0100015755",0.0054074110269582,0.00216333423506691,0.00628718560363647,0.00159902204616705,0.00810879629744568,0.0102200598915286,0.00869439281183642,0.00250831327142766,0.00897435792892851,0.0136021996213385,0.0127522938770971,0,0.00658704344058697,0.00534591641815345,0.0211059715486075,0.00272678788984651,0.00264919993145471,0.0134328292500031,0.000423049424157188,0.00272450784621279,0.00261935246917087,0.00109784596069654,0.00833133987278976,0.0174773950552991,0.000500603018373513,0.0245538911570625,0.0398566296310848,0.0271111338075601,0.0313840707405644,0.000600462117126312,0.00158326855762059,0.000893194709257498,0.000806096655462253,0.00108757048532639,0.0136918282677497,0.0141143801060301,0.010321111550422,0.000767242077821284,0.0125273741823902,0.0034649234864449,0.000331505605520721,0.00890599965820854,0.00377520607741898,0.00152970039688621,0.00190944867560907,0.00687774539446239,0.00201982401857305,0.00135480243924048,0.0079637483299782,0.00659978499017109,0.00093637703665824,0.000544963962144519,0.0123332086293625,0.000425354744605208,0.00869954036998582,0.00169458094883859,0.000280846160790362,0.00828683761342728,0.0131991864887417,8.76383955058792e-05,0.0023870913973256,0.00696984894430401,0.00637139068550394,0.00274412917977947,0.00803628290808709,0.000797095491257525,0.00144557103932627,0.00696991207181331,0.000600911524946754,0.0107747797806209,0.0100948577112574,0.00928244836672066,0.000103744743629041,0.00635048011973669,0.00722525227677997,0.00995166954945671,0.0093083563791373,0.00160088248114529,0.00222587374552482,0.00514346520190331,0.00991402241250611,0.00358270160577697,0.00403888626848882,0.00509352440991524,0.00682816790590066,0.0012037362595874,0.00581271921860075,0.00779934381633732
"M0100020377",0.00571809682937013,0.00361128459639872,0.00559986151669031,0.000824318587596338,0.0101468296632512,0.0147061960648344,0.0117029879270538,0.00274650898101371,0.011360603465702,0.0103159912480063,0.0153755267166899,0.00658704344058697,0,0.00536398261849093,0.0282894419151463,0.00378568676121674,0.00255847786741363,0.0175149756961093,0.000442184844032421,0.00505472664225565,0.00408596765551436,0.00282730630520713,0.00779490630664251,0.0121373994905923,0.000589537199549079,0.0150181248341835,0.0640513504027399,0.0174024055145754,0.0215815934099465,0.00193523297061754,0.003017354893746,0.0016477262622572,0.00260821742702574,0.00111051644785488,0.010660049155883,0.0134553428524605,0.00811271022283767,0.00144608023623936,0.0132275210428392,0.00608274182320377,0.000639706612554006,0.00931602875700883,0.00435887766588408,0.00163068498516589,0.00165763577484313,0.00546885605413341,0.00355637545563968,0.00188850384051528,0.00686288928885149,0.00814060796660194,0.00164397964362683,0.00111201612853572,0.00737646005877442,0.000906899800884501,0.009638152252199,0.00323822823910354,0.000577239014994547,0.00755439342851386,0.0130052694008653,0.000191511786244983,0.00338219615297807,0.00605669058453482,0.0067567553784499,0.00282756171198601,0.00755408516511873,0.00163404484923883,0.0016001632360307,0.00769380964595825,0.00170218244450504,0.0124182454167551,0.00841573236082714,0.00993691141742635,0.000280984918711475,0.00660708438896922,0.00950376104102408,0.0117031630881216,0.00891204853505586,0.00260393475099994,0.00266506987715726,0.00625413257787836,0.0112167280076384,0.00483419761247206,0.00562540722972442,0.00256906867742827,0.00646309918425533,0.00133170886959357,0.00685838971203209,0.00737351372371559
"M0100020409",0.0045678570066127,0.00232509684950217,0.00444554519855508,0.0014421547966305,0.00746053608648047,0.0096402070989205,0.00736321314294083,0.00201385943146432,0.00769723611565866,0.00786290702663423,0.0102887060011263,0.00534591641815345,0.00536398261849093,0,0.0185017452623321,0.00286645901912518,0.00185901236474514,0.0110822345037738,0.000559365337017581,0.00268749167540817,0.00257964787399592,0.0012331686770864,0.00600402386262766,0.00957000462889761,0.000509600570811613,0.0144331809424314,0.0380599875102488,0.0130945111384705,0.0167704413046197,0.00079213625758584,0.00150711585345292,0.000862482735696733,0.00122401189525119,0.000913274794799646,0.00988567725295703,0.00891552004882583,0.0058801795028433,0.000769430813667459,0.00861367130640668,0.00372338623125245,0.00033861861409318,0.00727074065648429,0.00262003461206069,0.00138058224342596,0.00121559346137344,0.00433997726311323,0.00205045556009957,0.00164543474563569,0.00532323522466895,0.00498392692173843,0.000919196476135085,0.000651181340665176,0.00814139719026662,0.000473973237696953,0.00776125814783778,0.00191910331025726,0.000340021234629569,0.00579027814194692,0.0100813162847091,0.000100671494135008,0.00212326711786474,0.00440609877550964,0.00511201940036365,0.00185510360788785,0.00562917163120161,0.000957768033736659,0.00108258670449628,0.00463026260079256,0.000740213092845592,0.00857665363181188,0.0058963498752698,0.00798473928961363,0.000165577685189752,0.00433460572757881,0.00672390184408692,0.00817896469424776,0.00585936774481771,0.00220789663501212,0.00201064433992179,0.00380044652886883,0.00785171402986799,0.00293010917140182,0.00428318748306679,0.00389315893197234,0.00432065656805033,0.000863812936973986,0.00461397250457127,0.00505090921790733
"M0100021374",0.0327947739195058,0.0119309628925261,0.0236604536471908,0.0111502265479464,0.0459115184915881,0.0596336065461406,0.0365448273113143,0.00934956403452225,0.0430936385641124,0.0355651416934633,0.0544248145048153,0.0211059715486075,0.0282894419151463,0.0185017452623321,0,0.0185654351436164,0.00866345053210532,0.0544516011648449,0.00382827152583342,0.0148690909857436,0.0134687697892091,0.00829039653413484,0.0318520004916106,0.0396071504523861,0.00255212257164287,0.0737799057445677,0.198717293128739,0.0500773553104999,0.0675286108278427,0.00554483867291595,0.0075981971230092,0.00564477552975698,0.00795303016228944,0.00419225546898546,0.0637109843903848,0.0425616938746081,0.0251629814423052,0.00394359021102033,0.0401091620696251,0.0220790583417537,0.0017469516836966,0.0426421049579011,0.0142472206019786,0.00771005263729919,0.00612315697269813,0.0195926951795585,0.0100819039159151,0.0137735602239206,0.0258347516331352,0.0253229036767048,0.004405751199863,0.0039224082815625,0.0539630507248938,0.00277991071962331,0.0569709642346032,0.0125701818921364,0.0020123930554129,0.0271228616146948,0.0483953064493838,0.000525899711924312,0.0133438637213594,0.0191456945249013,0.0293203272013677,0.00919855811728337,0.026767483440351,0.00513189855873733,0.00550668420983279,0.0204038569781993,0.00401149268345321,0.0614412605173331,0.0254431951451475,0.044496794955103,0.000965957531127108,0.0206163181076528,0.0501427933132745,0.050697527497436,0.0262587093754042,0.0186946784135403,0.0106106292490243,0.0239285742706379,0.0368449128363216,0.0161129341747278,0.0306039748197865,0.0252056034783001,0.0182226013843562,0.00468874391755765,0.0223050204502312,0.0262632337678574
"M0100022006",0.00547849184704695,0.00204951076918785,0.00388258710546481,0.00224841613476251,0.00803888622246143,0.0105404500123477,0.00595386027213718,0.00153219720256258,0.00690654568046742,0.00455078644521798,0.00901721762145267,0.00272678788984651,0.00378568676121674,0.00286645901912518,0.0185654351436164,0,0.00131585411609699,0.00867817877652033,0.000800800659778064,0.00236822686022309,0.00223433794200676,0.00110859230936412,0.00524854132584255,0.00476604346982296,0.000467760204834984,0.0118472860164812,0.0327855338384499,0.005534637573598,0.00858600607420136,0.0008147954740976,0.00127255771263578,0.000821819052376305,0.00122437011752709,0.000796671712277022,0.0108214485084054,0.00534118903956303,0.00312564787473908,0.00063962351557341,0.0056231295459375,0.00376890399774876,0.00025573749869607,0.00707841804725077,0.00201330069395709,0.00128438914815542,0.000854274350278445,0.00292898821900706,0.00170836666674165,0.00255620189328352,0.0036708828321092,0.00343649763194295,0.000716139571478939,0.000613568664429438,0.00845910493739335,0.000393529674850107,0.00902685250139956,0.00218790333741516,0.000323958227208459,0.00414429992510137,0.00789962600510697,8.17563873296334e-05,0.00225937592716155,0.00261648056795472,0.00492880647125458,0.00130420750742899,0.00408122193159469,0.0008443630770221,0.000806525203173564,0.00303321939751158,0.000555802885123311,0.00975459429409361,0.00366654559327002,0.00759032988426464,0.000144690836224133,0.00302793195066611,0.00826119523455101,0.00922470970249049,0.00327666434599508,0.00342109677223874,0.00186222276612956,0.00319670898672109,0.00615138264710817,0.00223554821912668,0.0055976155428332,0.00416143914232749,0.0026718321507037,0.000680303518833307,0.00347309009297964,0.00396011106246819
"M0999907765",0.001659124049445,0.00117472764221041,0.00199099433210317,0.00050488605473257,0.00317280988355079,0.00417367386036034,0.00364538195964461,0.00103598125333732,0.00360584205323305,0.00384183575488163,0.00479937269528224,0.00264919993145471,0.00255847786741363,0.00185901236474514,0.00866345053210532,0.00131585411609699,0,0.00544860596576005,0.000235733368175786,0.001224799227168,0.00126631475050831,0.000579087215330472,0.00268134138282041,0.00461093054498009,0.000279873673432771,0.00613703898648825,0.0186316517854201,0.0065518574642774,0.00838245793982475,0.000416356013037714,0.000706662713902453,0.000392923861836642,0.000714713754269967,0.000449341078650991,0.00404179509364979,0.00435672202313586,0.00288027094240341,0.000391577722825414,0.00429142947095422,0.0016283796699176,0.000157242329642474,0.00318327156909787,0.00139940018326972,0.000730035234229042,0.00061747083909263,0.0020226267608912,0.00111100935010782,0.000523520166211796,0.00278351479669445,0.00247654676100319,0.00042268544846037,0.000372126147293429,0.00358733470996407,0.000249750919757359,0.00309338094703508,0.000783707733655094,0.000207791675439377,0.0029500098673359,0.00488681394250083,6.08618672990549e-05,0.000921374531158001,0.00216463267596056,0.00247282771579296,0.000971453401101872,0.0029807397153668,0.000509194365170045,0.00056738660798316,0.00228663062243785,0.000346871935368217,0.00363116932374565,0.00276069233523546,0.00358145691815118,0.000101244590783607,0.00194071058994374,0.00273928125561929,0.00320240818849226,0.00291242475830534,0.000727687401421181,0.00104680181093229,0.00187170749182196,0.00375315223019223,0.00147039300157604,0.00191032073051993,0.00169928359361871,0.00202408797193298,0.000464461792400217,0.00233713500451638,0.002417416083786
"M0999912026",0.0105510031238844,0.00887531104020963,0.0113158003771053,0.00229892146402091,0.0218209826786741,0.0280455503633429,0.0252263163723717,0.00614332348815435,0.0245431206340653,0.0206817394253819,0.0312579446164619,0.0134328292500031,0.0175149756961093,0.0110822345037738,0.0544516011648449,0.00867817877652033,0.00544860596576005,0,0.00116528360139031,0.0100370421323942,0.00853255281907811,0.00507057408204596,0.0157438510238483,0.0235464642114568,0.00181825145599959,0.029706149913434,0.135790948837964,0.027568524078646,0.044090456827651,0.00335789128756977,0.00555386535559865,0.00356833183334179,0.00485289765384937,0.00356147053429803,0.0214929455014679,0.0254059147166652,0.0153417235717002,0.00314734248924265,0.0249204945120298,0.0098247422497177,0.00141937573072887,0.0224170358278688,0.00755470076948629,0.0047808343909764,0.00296549992847178,0.0116074364526739,0.00682121218843744,0.00328078247286359,0.0143968256758016,0.0144797706764692,0.00351898968940227,0.00213987655764916,0.021288482664758,0.00164894038558035,0.0186709994962059,0.00612109407796797,0.00100750005238051,0.0182587498488867,0.0304812884113888,0.000362898386287191,0.00636675010772461,0.0121351219111997,0.0161722328011506,0.00520947902713691,0.0156466481147532,0.00325567029589504,0.00319968865928535,0.0140263716188393,0.00291396307048233,0.021841916220643,0.0191573847053666,0.0208275443865796,0.000601133583683839,0.0126815746961283,0.0196175693494615,0.022213851523165,0.0175857559030583,0.00535337045736378,0.00605083314967513,0.0107038540473076,0.0244576855089741,0.00925648982055351,0.0129320481320366,0.0104258094694726,0.0108617776241243,0.00250706498216214,0.0143613840433926,0.017659082501207
"M0999923680",0.00156732552171784,0.000325864940347642,0.00103591309072408,0.000912222403070574,0.00189150695680203,0.0027893374038606,0.000848066366778283,0.000275356642603932,0.00126713760257893,0.000771082225020379,0.00185033771249802,0.000423049424157188,0.000442184844032421,0.000559365337017581,0.00382827152583342,0.000800800659778064,0.000235733368175786,0.00116528360139031,0,0.000269176605447429,0.000365673625701292,0.000102144628855589,0.00118582269919971,0.000686318660207759,8.4228881408932e-05,0.00349142816183079,0.00455987139649272,0.00113740494645676,0.00121046298809538,5.58689904705805e-05,0.000150751312767381,3.48945285885568e-05,0.000170313348348512,0.000133932037713965,0.00361018566196579,0.000609890920509637,0.00043818443648361,8.76115450008021e-05,0.00102488481661641,0.000988377269356752,3.65799048020011e-05,0.00185481642243464,0.000344284366725386,0.000247295082893473,0.000150527089503933,0.000543954660570639,0.000327109799976773,0.000959747934882021,0.000611113721828773,0.000534234774143472,7.61446608452971e-05,0.000117789612105897,0.00213984856440543,6.99451991721707e-05,0.00279464690486114,0.000496258309063885,6.69230126225956e-05,0.000673682231615398,0.00182659799146754,1.52831984555894e-05,0.000527071800861726,0.000398272577961202,0.000754455687357562,0.000192796536098582,0.000686197975190636,0.000142054996001302,0.000136675228329017,0.000483783403961669,6.76334114294649e-05,0.00253624361698619,0.000303702625522309,0.00203718869320375,3.30858376089783e-05,0.000334652623093137,0.00248770471935663,0.00204138710340549,0.000530088319751147,0.00120823139366534,0.000390656324848545,0.000637435107193416,0.000956593718943772,0.000299449031435763,0.00169684167943497,0.00127563203884116,0.00043595193357853,0.000121979483502129,0.000572244226480503,0.000339167137644546
"X10800_15",0.00316778785978199,0.00229814355324004,0.00276207369350108,0.000374239303372976,0.00544930131238163,0.00747350832888237,0.00615249756532909,0.00151187330549021,0.00590309119054655,0.00466814263709519,0.0079149892653936,0.00272450784621279,0.00505472664225565,0.00268749167540817,0.0148690909857436,0.00236822686022309,0.001224799227168,0.0100370421323942,0.000269176605447429,0,0.00223984285362081,0.00143454923275878,0.00394748732553925,0.00533521158469136,0.000377960456730778,0.00744168181646492,0.0347085491042622,0.006545726820722,0.00841498403212658,0.000978281464163056,0.0015816051191906,0.000948419243661558,0.00138190050583021,0.00072605925556594,0.00500727927208154,0.00557678997295042,0.00342849761032139,0.00074083676287453,0.00590838212810242,0.00324576059809186,0.000319697267456767,0.00517388180735199,0.00172120680875669,0.00112433887035932,0.000701980293402433,0.00262088350213551,0.00168823095469652,0.000843628149165003,0.0033769917765043,0.00383201592669691,0.000985991778650791,0.000502471932960645,0.00459919573794494,0.000397222608273349,0.0053607680316738,0.00181973701009635,0.000231946862383756,0.00448033583051797,0.00742668164465972,9.41405627346102e-05,0.00158194164053806,0.00287304458677314,0.00373228801738608,0.00115910603217841,0.00377781920762061,0.000843809353401575,0.000739875634985195,0.00330731266796498,0.000868832122927222,0.00591544842842524,0.00419571832499784,0.00555101510352395,0.000148443610759424,0.00341741676138273,0.00498836959365263,0.00639780941983135,0.00428284124024688,0.00162317474360571,0.00146238959123871,0.00254935806361549,0.00616603583967567,0.00221703006916426,0.00343277736419342,0.00215429135879642,0.00298627665852178,0.000460208156479131,0.00336242420753636,0.00440038367963827
"X11355_10",0.00261522780439583,0.00229975098143292,0.00256198097344375,0.000563117519462877,0.00580436746961795,0.00665613326221168,0.00607771485258789,0.00157696740186289,0.00547825507906327,0.004160890474371,0.00733792064865921,0.00261935246917087,0.00408596765551436,0.00257964787399592,0.0134687697892091,0.00223433794200676,0.00126631475050831,0.00853255281907811,0.000365673625701292,0.00223984285362081,0,0.00105833501011961,0.00359595825683359,0.00520325869155893,0.000466723173664579,0.00555494527897916,0.0341052896870404,0.00487100556145949,0.00842593724008441,0.000701077823412221,0.0013451340166074,0.000660592521968729,0.00111338357795265,0.000847247912554332,0.00456331495457842,0.00525062944928492,0.00319653637700999,0.000606883905799269,0.0056583451193848,0.00259844301491612,0.00030878871343106,0.00460263947298104,0.00184006582443395,0.00114855866431139,0.000936651217126135,0.00266559388371339,0.00179526550971349,0.00104221895889181,0.00341326758666881,0.00372628191917452,0.000715049737260668,0.000675785416445461,0.00407383599757912,0.00040965509834931,0.0045032929183526,0.00142613819929994,0.000323306482547723,0.00389310668415957,0.00632713606869684,8.80057604058763e-05,0.00151797490047337,0.00294542439867621,0.00442627457458282,0.00121827982503721,0.00390113815042759,0.000973544574196283,0.000803272167861715,0.00320333227801065,0.000584709931475165,0.00517341523641515,0.00287755474860746,0.00520118915705225,0.000131058930551406,0.00293707868155489,0.00385543113428313,0.00501879568413628,0.00379707029697545,0.00125809157427107,0.00154927140805608,0.00265369896674238,0.00715174337409545,0.00220589956800319,0.00314389453053493,0.00187757956817101,0.00270713439309302,0.000680489330174419,0.00394303274439967,0.00325554739753282
"X12444_39",0.00120068903536966,0.00101431394435482,0.00120399766737897,0.000116003877572223,0.00255216923440514,0.00382952642966629,0.00315212542144163,0.000558241762987613,0.00302923666985682,0.00201323407968085,0.00385075269297891,0.00109784596069654,0.00282730630520713,0.0012331686770864,0.00829039653413484,0.00110859230936412,0.000579087215330472,0.00507057408204596,0.000102144628855589,0.00143454923275878,0.00105833501011961,0,0.00162202384158052,0.00209449898675075,0.000170533286861016,0.00165768235287742,0.0178218537816073,0.00286156321095011,0.00411098710826273,0.000760612651882052,0.000858577762687211,0.000687631589098301,0.000893264060989316,0.000391336421404525,0.00205149155620335,0.00319721413691703,0.00153895729892455,0.000454834533107589,0.00254970618204497,0.000974394501551285,0.000241498485647687,0.00301910404396611,0.00102614643543728,0.000681369918078053,0.000264481462143397,0.00110745789719682,0.000915032289407318,0.000288190790925194,0.00135332283247468,0.00178656266887174,0.000576182850608289,0.000321127494704434,0.0018402111340256,0.000327221276968399,0.00201734445612007,0.000896636683268348,0.000131648801489381,0.0025442257858852,0.00315196124404138,4.99538887803803e-05,0.000790792928822387,0.00102598831492129,0.00187434893652521,0.000740685622041248,0.00179042520972875,0.00042943211583346,0.000369853552581753,0.00156037971945625,0.000616827570557018,0.00230834723825172,0.00140435017015413,0.00214749585180303,0.00012521613760183,0.0012160854224574,0.00238223372620564,0.00251927900659007,0.00162264643182993,0.000690623742638947,0.000790269791312281,0.00199888482264571,0.00210077552241987,0.00132010722899838,0.00189649969303206,0.000779868132674742,0.00102930254973009,0.000221247451007202,0.00161701847194058,0.00215606543219971
